	14.0	15.0	16.0	17.0	18.0	19.0	20.0	21.0	22.0	23.0	24.0	25.0	26.0	27.0	28.0	29.0	30.0	31.0	32.0	33.0	34.0	35.0	36.0	37.0
LIVER_RNA_HET_1_S4_L001_1	2.0	39.0	487.0	3791.0	15230.0	28488.0	32116.0	37403.0	59568.0	103948.0	174927.0	296224.0	475384.0	749511.0	1119799.0	1678518.0	2454647.0	3678580.0	5563061.0	9304808.0	18241232.0	52062757.0	141382442.0	4484287.0
	11.0	12.0	13.0	14.0	15.0	16.0	17.0	18.0	19.0	20.0	21.0	22.0	23.0	24.0	25.0	26.0	27.0	28.0	29.0	30.0	31.0	32.0	33.0	34.0	35.0	36.0	37.0
LIVER_RNA_HET_1_S4_L001_2	6.0	410.0	2655.0	4992.0	5956.0	7432.0	11016.0	17372.0	29267.0	48506.0	77357.0	115033.0	164909.0	219277.0	288744.0	369020.0	481850.0	643401.0	897085.0	1281814.0	1953033.0	3140265.0	5684829.0	11885107.0	36552361.0	164258652.0	13806900.0
	14.0	15.0	16.0	17.0	18.0	19.0	20.0	21.0	22.0	23.0	24.0	25.0	26.0	27.0	28.0	29.0	30.0	31.0	32.0	33.0	34.0	35.0	36.0	37.0
LIVER_RNA_HET_2_S5_L001_1	7.0	40.0	370.0	2983.0	13463.0	27657.0	30921.0	33496.0	50382.0	89152.0	147544.0	244142.0	387087.0	601379.0	880310.0	1272037.0	1778418.0	2527705.0	3631281.0	5694094.0	10132173.0	27342615.0	158007437.0	15063445.0
	11.0	12.0	13.0	14.0	15.0	16.0	17.0	18.0	19.0	20.0	21.0	22.0	23.0	24.0	25.0	26.0	27.0	28.0	29.0	30.0	31.0	32.0	33.0	34.0	35.0	36.0	37.0
LIVER_RNA_HET_2_S5_L001_2	4.0	332.0	2065.0	3697.0	4975.0	6742.0	10642.0	17450.0	30365.0	51800.0	83076.0	123755.0	176688.0	234659.0	307842.0	394414.0	518333.0	688522.0	948689.0	1330404.0	1980304.0	3084160.0	5378222.0	10818738.0	32269533.0	155063893.0	14428834.0
	14.0	15.0	16.0	17.0	18.0	19.0	20.0	21.0	22.0	23.0	24.0	25.0	26.0	27.0	28.0	29.0	30.0	31.0	32.0	33.0	34.0	35.0	36.0	37.0
LIVER_RNA_SMA_1_S1_L001_1	2.0	39.0	319.0	2546.0	12004.0	27126.0	32830.0	34551.0	50718.0	88262.0	145487.0	239868.0	385192.0	603823.0	884337.0	1259420.0	1721059.0	2366943.0	3281951.0	4964161.0	8461882.0	21465350.0	176300496.0	29941233.0
	11.0	12.0	13.0	14.0	15.0	16.0	17.0	18.0	19.0	20.0	21.0	22.0	23.0	24.0	25.0	26.0	27.0	28.0	29.0	30.0	31.0	32.0	33.0	34.0	35.0	36.0	37.0
LIVER_RNA_SMA_1_S1_L001_2	16.0	587.0	2760.0	4076.0	4908.0	6883.0	11224.0	19343.0	35307.0	61671.0	99693.0	148512.0	213824.0	284282.0	370825.0	466839.0	608884.0	790045.0	1065377.0	1454206.0	2104990.0	3202921.0	5453812.0	10652190.0	31010314.0	173717998.0	20478112.0
	14.0	15.0	16.0	17.0	18.0	19.0	20.0	21.0	22.0	23.0	24.0	25.0	26.0	27.0	28.0	29.0	30.0	31.0	32.0	33.0	34.0	35.0	36.0	37.0
LIVER_RNA_SMA_2_S2_L001_1	2.0	27.0	286.0	2443.0	10898.0	22955.0	26564.0	28383.0	43141.0	75679.0	124960.0	204497.0	324056.0	499488.0	720543.0	1023649.0	1390019.0	1899332.0	2615657.0	3937655.0	6680714.0	16819699.0	144313302.0	25703811.0
	11.0	12.0	13.0	14.0	15.0	16.0	17.0	18.0	19.0	20.0	21.0	22.0	23.0	24.0	25.0	26.0	27.0	28.0	29.0	30.0	31.0	32.0	33.0	34.0	35.0	36.0	37.0
LIVER_RNA_SMA_2_S2_L001_2	4.0	269.0	1579.0	3140.0	4395.0	6312.0	10433.0	18041.0	33246.0	56905.0	90129.0	132963.0	190148.0	251803.0	324870.0	413506.0	537505.0	699742.0	951522.0	1302041.0	1885155.0	2855352.0	4839324.0	9390842.0	26927923.0	140558572.0	14982039.0
	14.0	15.0	16.0	17.0	18.0	19.0	20.0	21.0	22.0	23.0	24.0	25.0	26.0	27.0	28.0	29.0	30.0	31.0	32.0	33.0	34.0	35.0	36.0	37.0
P7_LIVER_RNA_HET_3_S6_L001_1	6.0	55.0	367.0	2549.0	11456.0	25132.0	30785.0	35755.0	57195.0	99936.0	164721.0	267481.0	416044.0	631821.0	913333.0	1290818.0	1762454.0	2420079.0	3350518.0	5060952.0	8622501.0	21846788.0	179169654.0	28546027.0
	11.0	12.0	13.0	14.0	15.0	16.0	17.0	18.0	19.0	20.0	21.0	22.0	23.0	24.0	25.0	26.0	27.0	28.0	29.0	30.0	31.0	32.0	33.0	34.0	35.0	36.0	37.0
P7_LIVER_RNA_HET_3_S6_L001_2	5.0	576.0	2723.0	4348.0	5712.0	8440.0	13974.0	23857.0	40361.0	67356.0	107757.0	159928.0	229978.0	304477.0	394657.0	497292.0	640672.0	826268.0	1103739.0	1492833.0	2131141.0	3189885.0	5390961.0	10509485.0	30860322.0	176167302.0	20552378.0
	14.0	15.0	16.0	17.0	18.0	19.0	20.0	21.0	22.0	23.0	24.0	25.0	26.0	27.0	28.0	29.0	30.0	31.0	32.0	33.0	34.0	35.0	36.0	37.0
P7_LIVER_RNA_SMA_3_S3_L001_1	1.0	42.0	329.0	2251.0	9238.0	18718.0	23713.0	30393.0	50028.0	88231.0	145757.0	238793.0	372342.0	568221.0	827636.0	1204529.0	1710053.0	2472912.0	3617456.0	5789983.0	10573689.0	29043175.0	140104066.0	10956267.0
	11.0	12.0	13.0	14.0	15.0	16.0	17.0	18.0	19.0	20.0	21.0	22.0	23.0	24.0	25.0	26.0	27.0	28.0	29.0	30.0	31.0	32.0	33.0	34.0	35.0	36.0	37.0
P7_LIVER_RNA_SMA_3_S3_L001_2	1.0	317.0	1985.0	3524.0	4771.0	6570.0	10456.0	17387.0	29394.0	47898.0	75084.0	110412.0	156464.0	204988.0	266106.0	335463.0	433703.0	565969.0	769874.0	1058656.0	1544968.0	2377777.0	4136535.0	8261217.0	24661341.0	145656204.0	17110759.0

