	12.0	13.0	14.0	15.0	16.0	17.0	18.0	19.0	20.0	21.0	22.0	23.0	24.0	25.0	26.0	27.0	28.0	29.0	30.0	31.0	32.0	33.0	34.0	35.0	36.0	37.0
LIVER_RNA_HET_1_S4_L001_1	1.0	5.0	20.0	202.0	1052.0	6084.0	23225.0	42345.0	46133.0	53213.0	78067.0	127116.0	201439.0	329745.0	510772.0	790032.0	1161500.0	1730261.0	2509002.0	3772846.0	5696128.0	9528888.0	18579797.0	52924463.0	140145304.0	3865940.0
	11.0	12.0	13.0	14.0	15.0	16.0	17.0	18.0	19.0	20.0	21.0	22.0	23.0	24.0	25.0	26.0	27.0	28.0	29.0	30.0	31.0	32.0	33.0	34.0	35.0	36.0	37.0
LIVER_RNA_HET_1_S4_L001_2	69.0	3307.0	13111.0	17107.0	16018.0	17383.0	23534.0	33662.0	50544.0	72817.0	105692.0	145749.0	197587.0	251722.0	322954.0	400939.0	517122.0	668521.0	917580.0	1299007.0	1983036.0	3162029.0	5758463.0	11988714.0	37146301.0	164652424.0	12358188.0
	13.0	14.0	15.0	16.0	17.0	18.0	19.0	20.0	21.0	22.0	23.0	24.0	25.0	26.0	27.0	28.0	29.0	30.0	31.0	32.0	33.0	34.0	35.0	36.0	37.0
LIVER_RNA_HET_2_S5_L001_1	2.0	26.0	217.0	995.0	5148.0	21308.0	41984.0	45338.0	47858.0	66873.0	110184.0	171301.0	274423.0	418767.0	639071.0	916802.0	1313402.0	1817794.0	2579584.0	3673206.0	5797633.0	10310678.0	27977974.0	158245204.0	13621506.0
	11.0	12.0	13.0	14.0	15.0	16.0	17.0	18.0	19.0	20.0	21.0	22.0	23.0	24.0	25.0	26.0	27.0	28.0	29.0	30.0	31.0	32.0	33.0	34.0	35.0	36.0	37.0
LIVER_RNA_HET_2_S5_L001_2	46.0	2520.0	9607.0	12456.0	13474.0	16688.0	24070.0	35734.0	54210.0	79273.0	115517.0	158132.0	214016.0	270784.0	345342.0	430227.0	555031.0	716190.0	973550.0	1351192.0	2010676.0	3102268.0	5436497.0	10895646.0	32740716.0	155529315.0	13004101.0
	13.0	14.0	15.0	16.0	17.0	18.0	19.0	20.0	21.0	22.0	23.0	24.0	25.0	26.0	27.0	28.0	29.0	30.0	31.0	32.0	33.0	34.0	35.0	36.0	37.0
LIVER_RNA_SMA_1_S1_L001_1	2.0	21.0	205.0	915.0	4453.0	19406.0	42056.0	47876.0	48938.0	66517.0	108131.0	168215.0	270481.0	418409.0	644647.0	923671.0	1305032.0	1760899.0	2417493.0	3320088.0	5056295.0	8624684.0	22012993.0	177434385.0	27737751.0
	11.0	12.0	13.0	14.0	15.0	16.0	17.0	18.0	19.0	20.0	21.0	22.0	23.0	24.0	25.0	26.0	27.0	28.0	29.0	30.0	31.0	32.0	33.0	34.0	35.0	36.0	37.0
LIVER_RNA_SMA_1_S1_L001_2	125.0	4773.0	14456.0	15235.0	14793.0	17873.0	25965.0	39222.0	61331.0	91932.0	135229.0	188048.0	257830.0	328129.0	418073.0	510276.0	646790.0	814929.0	1087306.0	1472508.0	2137728.0	3222941.0	5516799.0	10723292.0	31456449.0	174401425.0	18830106.0
	13.0	14.0	15.0	16.0	17.0	18.0	19.0	20.0	21.0	22.0	23.0	24.0	25.0	26.0	27.0	28.0	29.0	30.0	31.0	32.0	33.0	34.0	35.0	36.0	37.0
LIVER_RNA_SMA_2_S2_L001_1	3.0	17.0	203.0	885.0	4244.0	17583.0	35826.0	38684.0	40427.0	56825.0	93272.0	145369.0	230793.0	352461.0	533044.0	752786.0	1061616.0	1422708.0	1937835.0	2651106.0	4035727.0	6828387.0	17242848.0	145080229.0	24043259.0
	11.0	12.0	13.0	14.0	15.0	16.0	17.0	18.0	19.0	20.0	21.0	22.0	23.0	24.0	25.0	26.0	27.0	28.0	29.0	30.0	31.0	32.0	33.0	34.0	35.0	36.0	37.0
LIVER_RNA_SMA_2_S2_L001_2	45.0	1981.0	7891.0	10791.0	12023.0	15369.0	23565.0	35964.0	56363.0	83897.0	121451.0	167436.0	226844.0	286027.0	362713.0	449387.0	573397.0	727252.0	975335.0	1323401.0	1915277.0	2877463.0	4898690.0	9472050.0	27408066.0	141043866.0	13529593.0
	13.0	14.0	15.0	16.0	17.0	18.0	19.0	20.0	21.0	22.0	23.0	24.0	25.0	26.0	27.0	28.0	29.0	30.0	31.0	32.0	33.0	34.0	35.0	36.0	37.0
P7_LIVER_RNA_HET_3_S6_L001_1	1.0	37.0	261.0	1254.0	5099.0	19595.0	40818.0	46872.0	52911.0	77068.0	125171.0	194114.0	303423.0	454399.0	675583.0	955856.0	1340718.0	1803822.0	2470319.0	3389375.0	5159820.0	8791051.0	22369441.0	179921471.0	26702489.0
	11.0	12.0	13.0	14.0	15.0	16.0	17.0	18.0	19.0	20.0	21.0	22.0	23.0	24.0	25.0	26.0	27.0	28.0	29.0	30.0	31.0	32.0	33.0	34.0	35.0	36.0	37.0
P7_LIVER_RNA_HET_3_S6_L001_2	115.0	4847.0	14568.0	16422.0	17764.0	23138.0	34384.0	50692.0	75373.0	107458.0	154780.0	209613.0	282462.0	355346.0	446835.0	546287.0	690466.0	864326.0	1136294.0	1514780.0	2161628.0	3205663.0	5440060.0	10561751.0	31282821.0	176657672.0	19045423.0
	13.0	14.0	15.0	16.0	17.0	18.0	19.0	20.0	21.0	22.0	23.0	24.0	25.0	26.0	27.0	28.0	29.0	30.0	31.0	32.0	33.0	34.0	35.0	36.0	37.0
P7_LIVER_RNA_SMA_3_S3_L001_1	3.0	17.0	199.0	1005.0	4292.0	15596.0	30113.0	35971.0	44656.0	67696.0	110517.0	172322.0	271156.0	406233.0	606696.0	865529.0	1249862.0	1749723.0	2528572.0	3667991.0	5915057.0	10788805.0	29781738.0	139987760.0	9683249.0
	11.0	12.0	13.0	14.0	15.0	16.0	17.0	18.0	19.0	20.0	21.0	22.0	23.0	24.0	25.0	26.0	27.0	28.0	29.0	30.0	31.0	32.0	33.0	34.0	35.0	36.0	37.0
P7_LIVER_RNA_SMA_3_S3_L001_2	44.0	2447.0	9935.0	12759.0	13951.0	17520.0	25444.0	37529.0	55299.0	77861.0	109916.0	148102.0	196994.0	245297.0	307848.0	375923.0	472655.0	596115.0	793773.0	1076819.0	1569029.0	2390254.0	4175079.0	8299804.0	25010196.0	146268068.0	15696097.0

