
SUMMARISING RUN PARAMETERS
==========================
Input filename: LIVER_RNA_SMA_1_S1_L001_2.fastq.gz
Trimming mode: paired-end
Trim Galore version: 0.6.7
Cutadapt version: 3.4
Python version: could not detect
Number of cores used for trimming: 8
Quality Phred score cutoff: 20
Quality encoding type selected: ASCII+33
Using Nextera adapter for trimming (count: 55600). Second best hit was Illumina (count: 0)
Adapter sequence: 'CTGTCTCTTATA' (Nextera Transposase sequence; auto-detected)
Maximum trimming error rate: 0.1 (default)
Minimum required adapter overlap (stringency): 1 bp
Minimum required sequence length for both reads before a sequence pair gets removed: 20 bp
Running FastQC on the data once trimming has completed
Running FastQC with the following extra arguments: -t 12
Output file will be GZIP compressed


This is cutadapt 3.4 with Python 3.9.6
Command line parameters: -j 8 -e 0.1 -q 20 -O 1 -a CTGTCTCTTATA LIVER_RNA_SMA_1_S1_L001_2.fastq.gz
Processing reads on 8 cores in single-end mode ...
Finished in 1483.66 s (6 µs/read; 10.21 M reads/minute).

=== Summary ===

Total reads processed:             252,433,563
Reads with adapters:               105,414,177 (41.8%)
Reads written (passing filters):   252,433,563 (100.0%)

Total basepairs processed: 38,117,468,013 bp
Quality-trimmed:              55,777,371 bp (0.1%)
Total written (filtered):  37,447,311,415 bp (98.2%)

=== Adapter 1 ===

Sequence: CTGTCTCTTATA; Type: regular 3'; Length: 12; Trimmed: 105414177 times

No. of allowed errors:
1-9 bp: 0; 10-12 bp: 1

Bases preceding removed adapters:
  A: 39.2%
  C: 23.4%
  G: 19.0%
  T: 18.4%
  none/other: 0.0%

Overview of removed sequences
length	count	expect	max.err	error counts
1	58550326	63108390.8	0	58550326
2	17386540	15777097.7	0	17386540
3	6883153	3944274.4	0	6883153
4	2132179	986068.6	0	2132179
5	1045753	246517.2	0	1045753
6	830142	61629.3	0	830142
7	742317	15407.3	0	742317
8	716485	3851.8	0	716485
9	666105	963.0	0	658093 8012
10	695640	240.7	1	669608 26032
11	666944	60.2	1	648900 18044
12	679331	15.0	1	660611 18720
13	609263	15.0	1	593783 15480
14	631220	15.0	1	614654 16566
15	587525	15.0	1	574530 12995
16	657891	15.0	1	632380 25511
17	523789	15.0	1	512765 11024
18	548582	15.0	1	529089 19493
19	542426	15.0	1	532135 10291
20	514186	15.0	1	502459 11727
21	526516	15.0	1	509712 16804
22	520191	15.0	1	505304 14887
23	472447	15.0	1	460383 12064
24	455542	15.0	1	441775 13767
25	448909	15.0	1	439871 9038
26	408633	15.0	1	397642 10991
27	406796	15.0	1	396942 9854
28	406575	15.0	1	394519 12056
29	372517	15.0	1	361250 11267
30	349010	15.0	1	340803 8207
31	354860	15.0	1	345783 9077
32	334564	15.0	1	326720 7844
33	318368	15.0	1	311074 7294
34	284744	15.0	1	275747 8997
35	272574	15.0	1	266020 6554
36	258884	15.0	1	252404 6480
37	235000	15.0	1	228396 6604
38	216163	15.0	1	211504 4659
39	212705	15.0	1	203171 9534
40	203652	15.0	1	193675 9977
41	194778	15.0	1	181999 12779
42	184095	15.0	1	176098 7997
43	183762	15.0	1	154794 28968
44	157118	15.0	1	150654 6464
45	137721	15.0	1	130648 7073
46	139021	15.0	1	124082 14939
47	117397	15.0	1	111825 5572
48	112882	15.0	1	106404 6478
49	109613	15.0	1	89051 20562
50	95616	15.0	1	86785 8831
51	86412	15.0	1	81118 5294
52	74974	15.0	1	71959 3015
53	69772	15.0	1	65098 4674
54	64733	15.0	1	60735 3998
55	79166	15.0	1	54194 24972
56	61674	15.0	1	51694 9980
57	44817	15.0	1	39766 5051
58	46632	15.0	1	39949 6683
59	47044	15.0	1	42016 5028
60	30265	15.0	1	24817 5448
61	36394	15.0	1	28798 7596
62	39795	15.0	1	26453 13342
63	33371	15.0	1	24327 9044
64	24863	15.0	1	20425 4438
65	27785	15.0	1	25004 2781
66	19452	15.0	1	14293 5159
67	18183	15.0	1	14795 3388
68	12096	15.0	1	10385 1711
69	13986	15.0	1	11834 2152
70	14582	15.0	1	10970 3612
71	10518	15.0	1	9226 1292
72	9323	15.0	1	8108 1215
73	9758	15.0	1	8466 1292
74	9785	15.0	1	7692 2093
75	17026	15.0	1	10432 6594
76	8844	15.0	1	6854 1990
77	11563	15.0	1	4677 6886
78	4905	15.0	1	2751 2154
79	5164	15.0	1	3085 2079
80	14139	15.0	1	2983 11156
81	14462	15.0	1	2568 11894
82	4404	15.0	1	2484 1920
83	4107	15.0	1	2240 1867
84	3776	15.0	1	2046 1730
85	5177	15.0	1	2005 3172
86	4981	15.0	1	1861 3120
87	6379	15.0	1	1625 4754
88	7864	15.0	1	1567 6297
89	4148	15.0	1	1389 2759
90	2947	15.0	1	1149 1798
91	2394	15.0	1	1070 1324
92	2896	15.0	1	960 1936
93	2507	15.0	1	820 1687
94	6581	15.0	1	661 5920
95	2739	15.0	1	686 2053
96	13847	15.0	1	645 13202
97	5025	15.0	1	610 4415
98	9672	15.0	1	598 9074
99	3713	15.0	1	525 3188
100	5578	15.0	1	458 5120
101	2142	15.0	1	407 1735
102	2723	15.0	1	352 2371
103	2564	15.0	1	302 2262
104	7014	15.0	1	318 6696
105	19922	15.0	1	253 19669
106	1684	15.0	1	286 1398
107	3947	15.0	1	212 3735
108	1736	15.0	1	219 1517
109	2667	15.0	1	284 2383
110	3980	15.0	1	244 3736
111	1915	15.0	1	192 1723
112	1691	15.0	1	209 1482
113	1755	15.0	1	194 1561
114	6415	15.0	1	197 6218
115	9062	15.0	1	156 8906
116	1930	15.0	1	188 1742
117	6075	15.0	1	206 5869
118	4803	15.0	1	125 4678
119	3111	15.0	1	147 2964
120	3124	15.0	1	126 2998
121	1794	15.0	1	88 1706
122	1796	15.0	1	100 1696
123	2015	15.0	1	67 1948
124	11130	15.0	1	70 11060
125	5850	15.0	1	75 5775
126	20017	15.0	1	48 19969
127	5028	15.0	1	67 4961
128	8668	15.0	1	35 8633
129	1443	15.0	1	35 1408
130	3544	15.0	1	30 3514
131	4810	15.0	1	38 4772
132	3924	15.0	1	26 3898
133	1925	15.0	1	33 1892
134	2108	15.0	1	18 2090
135	1520	15.0	1	13 1507
136	4622	15.0	1	17 4605
137	3421	15.0	1	17 3404
138	1954	15.0	1	17 1937
139	9226	15.0	1	13 9213
140	2535	15.0	1	7 2528
141	7348	15.0	1	6 7342
142	3687	15.0	1	14 3673
143	6002	15.0	1	12 5990
144	8859	15.0	1	14 8845
145	6508	15.0	1	15 6493
146	6743	15.0	1	15 6728
147	3464	15.0	1	11 3453
148	6262	15.0	1	15 6247
149	8705	15.0	1	32 8673
150	9981	15.0	1	5083 4898
151	360	15.0	1	165 195

RUN STATISTICS FOR INPUT FILE: LIVER_RNA_SMA_1_S1_L001_2.fastq.gz
=============================================
252433563 sequences processed in total

Total number of sequences analysed for the sequence pair length validation: 252433563

Number of sequence pairs removed because at least one read was shorter than the length cutoff (20 bp): 163964 (0.06%)
