
SUMMARISING RUN PARAMETERS
==========================
Input filename: LIVER_RNA_HET_1_S4_L001_1.fastq.gz
Trimming mode: paired-end
Trim Galore version: 0.6.7
Cutadapt version: 3.4
Python version: could not detect
Number of cores used for trimming: 8
Quality Phred score cutoff: 20
Quality encoding type selected: ASCII+33
Using Nextera adapter for trimming (count: 47039). Second best hit was smallRNA (count: 3)
Adapter sequence: 'CTGTCTCTTATA' (Nextera Transposase sequence; auto-detected)
Maximum trimming error rate: 0.1 (default)
Minimum required adapter overlap (stringency): 1 bp
Minimum required sequence length for both reads before a sequence pair gets removed: 20 bp
Running FastQC on the data once trimming has completed
Running FastQC with the following extra arguments: -t 12
Output file will be GZIP compressed


This is cutadapt 3.4 with Python 3.9.6
Command line parameters: -j 8 -e 0.1 -q 20 -O 1 -a CTGTCTCTTATA LIVER_RNA_HET_1_S4_L001_1.fastq.gz
Processing reads on 8 cores in single-end mode ...
Finished in 1435.88 s (6 µs/read; 10.12 M reads/minute).

=== Summary ===

Total reads processed:             242,123,580
Reads with adapters:                96,858,152 (40.0%)
Reads written (passing filters):   242,123,580 (100.0%)

Total basepairs processed: 36,560,660,580 bp
Quality-trimmed:              38,031,866 bp (0.1%)
Total written (filtered):  36,021,051,732 bp (98.5%)

=== Adapter 1 ===

Sequence: CTGTCTCTTATA; Type: regular 3'; Length: 12; Trimmed: 96858152 times

No. of allowed errors:
1-9 bp: 0; 10-12 bp: 1

Bases preceding removed adapters:
  A: 35.8%
  C: 20.5%
  G: 21.1%
  T: 22.6%
  none/other: 0.0%

Overview of removed sequences
length	count	expect	max.err	error counts
1	55643565	60530895.0	0	55643565
2	16188974	15132723.8	0	16188974
3	6344024	3783180.9	0	6344024
4	2255385	945795.2	0	2255385
5	852931	236448.8	0	852931
6	642287	59112.2	0	642287
7	595481	14778.1	0	595481
8	548323	3694.5	0	548323
9	532573	923.6	0	526782 5791
10	530172	230.9	1	505914 24258
11	516556	57.7	1	496058 20498
12	556051	14.4	1	523519 32532
13	465843	14.4	1	451556 14287
14	490244	14.4	1	467736 22508
15	466195	14.4	1	448020 18175
16	606528	14.4	1	576581 29947
17	334258	14.4	1	320404 13854
18	425446	14.4	1	410370 15076
19	403254	14.4	1	383806 19448
20	421757	14.4	1	407186 14571
21	423103	14.4	1	403600 19503
22	386445	14.4	1	374861 11584
23	381098	14.4	1	366319 14779
24	349988	14.4	1	338395 11593
25	358174	14.4	1	346294 11880
26	334312	14.4	1	322816 11496
27	354873	14.4	1	339859 15014
28	299991	14.4	1	290803 9188
29	326247	14.4	1	312377 13870
30	292659	14.4	1	284754 7905
31	279245	14.4	1	269613 9632
32	285497	14.4	1	277496 8001
33	240254	14.4	1	232441 7813
34	252315	14.4	1	242386 9929
35	229072	14.4	1	222016 7056
36	225320	14.4	1	217035 8285
37	200745	14.4	1	195202 5543
38	191065	14.4	1	183620 7445
39	183311	14.4	1	177094 6217
40	172541	14.4	1	166505 6036
41	173920	14.4	1	166580 7340
42	169830	14.4	1	161712 8118
43	162633	14.4	1	156643 5990
44	171872	14.4	1	166118 5754
45	137640	14.4	1	131247 6393
46	106132	14.4	1	101206 4926
47	210680	14.4	1	204992 5688
48	30535	14.4	1	28459 2076
49	75942	14.4	1	72522 3420
50	321133	14.4	1	314184 6949
51	204317	14.4	1	199286 5031
52	20899	14.4	1	19225 1674
53	52098	14.4	1	50367 1731
54	57939	14.4	1	55327 2612
55	18212	14.4	1	16794 1418
56	12283	14.4	1	10588 1695
57	34429	14.4	1	32762 1667
58	24184	14.4	1	22666 1518
59	6364	14.4	1	5201 1163
60	7535	14.4	1	6391 1144
61	7583	14.4	1	6535 1048
62	4501	14.4	1	3518 983
63	5524	14.4	1	4076 1448
64	20512	14.4	1	19095 1417
65	7713	14.4	1	5934 1779
66	7396	14.4	1	5743 1653
67	6971	14.4	1	3491 3480
68	14024	14.4	1	12137 1887
69	4261	14.4	1	1708 2553
70	3051	14.4	1	1123 1928
71	5229	14.4	1	1344 3885
72	7640	14.4	1	1419 6221
73	2595	14.4	1	602 1993
74	3404	14.4	1	1574 1830
75	5251	14.4	1	3246 2005
76	9030	14.4	1	4613 4417
77	6077	14.4	1	4633 1444
78	6622	14.4	1	4522 2100
79	5097	14.4	1	3990 1107
80	4305	14.4	1	3584 721
81	4138	14.4	1	3245 893
82	3579	14.4	1	2746 833
83	3479	14.4	1	2454 1025
84	2981	14.4	1	2144 837
85	2825	14.4	1	2103 722
86	3187	14.4	1	1986 1201
87	3528	14.4	1	1882 1646
88	3092	14.4	1	1735 1357
89	2360	14.4	1	1442 918
90	2211	14.4	1	1229 982
91	2122	14.4	1	1056 1066
92	1885	14.4	1	946 939
93	1583	14.4	1	785 798
94	1728	14.4	1	680 1048
95	1485	14.4	1	665 820
96	1306	14.4	1	625 681
97	1551	14.4	1	553 998
98	1373	14.4	1	563 810
99	1715	14.4	1	504 1211
100	1500	14.4	1	444 1056
101	1428	14.4	1	323 1105
102	1425	14.4	1	314 1111
103	2034	14.4	1	279 1755
104	1377	14.4	1	216 1161
105	1953	14.4	1	217 1736
106	2577	14.4	1	197 2380
107	2148	14.4	1	174 1974
108	1206	14.4	1	152 1054
109	1074	14.4	1	153 921
110	1195	14.4	1	176 1019
111	924	14.4	1	142 782
112	967	14.4	1	118 849
113	901	14.4	1	84 817
114	1127	14.4	1	104 1023
115	1289	14.4	1	100 1189
116	1336	14.4	1	131 1205
117	1281	14.4	1	166 1115
118	904	14.4	1	54 850
119	997	14.4	1	80 917
120	1077	14.4	1	48 1029
121	1306	14.4	1	63 1243
122	1997	14.4	1	38 1959
123	1471	14.4	1	23 1448
124	1262	14.4	1	45 1217
125	1136	14.4	1	34 1102
126	1276	14.4	1	95 1181
127	1343	14.4	1	45 1298
128	1397	14.4	1	73 1324
129	1108	14.4	1	85 1023
130	1104	14.4	1	18 1086
131	737	14.4	1	25 712
132	761	14.4	1	11 750
133	945	14.4	1	21 924
134	1004	14.4	1	33 971
135	1855	14.4	1	16 1839
136	1031	14.4	1	23 1008
137	1580	14.4	1	38 1542
138	987	14.4	1	18 969
139	1421	14.4	1	25 1396
140	1386	14.4	1	44 1342
141	787	14.4	1	6 781
142	900	14.4	1	16 884
143	1632	14.4	1	37 1595
144	674	14.4	1	14 660
145	1220	14.4	1	20 1200
146	830	14.4	1	6 824
147	2506	14.4	1	37 2469
148	2104	14.4	1	31 2073
149	2392	14.4	1	63 2329
150	22603	14.4	1	20616 1987
151	1084	14.4	1	167 917

RUN STATISTICS FOR INPUT FILE: LIVER_RNA_HET_1_S4_L001_1.fastq.gz
=============================================
242123580 sequences processed in total

