
SUMMARISING RUN PARAMETERS
==========================
Input filename: LIVER_RNA_SMA_1_S1_L001_1.fastq.gz
Trimming mode: paired-end
Trim Galore version: 0.6.7
Cutadapt version: 3.4
Python version: could not detect
Number of cores used for trimming: 8
Quality Phred score cutoff: 20
Quality encoding type selected: ASCII+33
Using Nextera adapter for trimming (count: 55600). Second best hit was Illumina (count: 0)
Adapter sequence: 'CTGTCTCTTATA' (Nextera Transposase sequence; auto-detected)
Maximum trimming error rate: 0.1 (default)
Minimum required adapter overlap (stringency): 1 bp
Minimum required sequence length for both reads before a sequence pair gets removed: 20 bp
Running FastQC on the data once trimming has completed
Running FastQC with the following extra arguments: -t 12
Output file will be GZIP compressed


This is cutadapt 3.4 with Python 3.9.6
Command line parameters: -j 8 -e 0.1 -q 20 -O 1 -a CTGTCTCTTATA LIVER_RNA_SMA_1_S1_L001_1.fastq.gz
Processing reads on 8 cores in single-end mode ...
Finished in 1462.56 s (6 µs/read; 10.36 M reads/minute).

=== Summary ===

Total reads processed:             252,433,563
Reads with adapters:               103,083,911 (40.8%)
Reads written (passing filters):   252,433,563 (100.0%)

Total basepairs processed: 38,117,468,013 bp
Quality-trimmed:              28,205,271 bp (0.1%)
Total written (filtered):  37,510,995,779 bp (98.4%)

=== Adapter 1 ===

Sequence: CTGTCTCTTATA; Type: regular 3'; Length: 12; Trimmed: 103083911 times

No. of allowed errors:
1-9 bp: 0; 10-12 bp: 1

Bases preceding removed adapters:
  A: 38.3%
  C: 19.9%
  G: 20.4%
  T: 21.4%
  none/other: 0.0%

Overview of removed sequences
length	count	expect	max.err	error counts
1	56938163	63108390.8	0	56938163
2	16970198	15777097.7	0	16970198
3	6640506	3944274.4	0	6640506
4	2443450	986068.6	0	2443450
5	1009454	246517.2	0	1009454
6	812511	61629.3	0	812511
7	737513	15407.3	0	737513
8	713722	3851.8	0	713722
9	670598	963.0	0	664293 6305
10	694689	240.7	1	670594 24095
11	658687	60.2	1	641931 16756
12	704444	15.0	1	675788 28656
13	595846	15.0	1	585513 10333
14	643392	15.0	1	620780 22612
15	586025	15.0	1	571619 14406
16	754249	15.0	1	723975 30274
17	464065	15.0	1	453052 11013
18	536131	15.0	1	524620 11511
19	502949	15.0	1	488257 14692
20	532281	15.0	1	521250 11031
21	535708	15.0	1	519463 16245
22	477792	15.0	1	470194 7598
23	495210	15.0	1	481609 13601
24	439247	15.0	1	431089 8158
25	448239	15.0	1	438758 9481
26	417587	15.0	1	407855 9732
27	419953	15.0	1	407650 12303
28	389300	15.0	1	381455 7845
29	400903	15.0	1	389301 11602
30	331735	15.0	1	326654 5081
31	373101	15.0	1	362872 10229
32	319682	15.0	1	314602 5080
33	319239	15.0	1	310954 8285
34	297076	15.0	1	289299 7777
35	269105	15.0	1	263926 5179
36	255324	15.0	1	248910 6414
37	236137	15.0	1	231414 4723
38	264891	15.0	1	258907 5984
39	201777	15.0	1	195251 6526
40	177630	15.0	1	173607 4023
41	194619	15.0	1	189066 5553
42	200275	15.0	1	194609 5666
43	161097	15.0	1	157360 3737
44	150477	15.0	1	146705 3772
45	147460	15.0	1	143612 3848
46	149844	15.0	1	144013 5831
47	189817	15.0	1	186507 3310
48	38621	15.0	1	36933 1688
49	84549	15.0	1	82541 2008
50	100833	15.0	1	97806 3027
51	85775	15.0	1	83422 2353
52	65524	15.0	1	63402 2122
53	77324	15.0	1	74954 2370
54	65961	15.0	1	63279 2682
55	53511	15.0	1	51849 1662
56	53115	15.0	1	50944 2171
57	64631	15.0	1	62477 2154
58	37346	15.0	1	35841 1505
59	42388	15.0	1	40775 1613
60	37650	15.0	1	36177 1473
61	36461	15.0	1	34977 1484
62	19029	15.0	1	17711 1318
63	13980	15.0	1	12494 1486
64	34271	15.0	1	32692 1579
65	21057	15.0	1	19280 1777
66	14252	15.0	1	12449 1803
67	12913	15.0	1	9242 3671
68	26278	15.0	1	24569 1709
69	12740	15.0	1	10115 2625
70	16389	15.0	1	14472 1917
71	8929	15.0	1	5577 3352
72	9187	15.0	1	2822 6365
73	3849	15.0	1	1542 2307
74	5794	15.0	1	3642 2152
75	7775	15.0	1	5284 2491
76	10290	15.0	1	5717 4573
77	6957	15.0	1	5273 1684
78	6759	15.0	1	4615 2144
79	5266	15.0	1	4132 1134
80	4323	15.0	1	3509 814
81	3893	15.0	1	3015 878
82	3606	15.0	1	2753 853
83	3662	15.0	1	2481 1181
84	3079	15.0	1	2208 871
85	2894	15.0	1	2107 787
86	3320	15.0	1	1950 1370
87	3404	15.0	1	1678 1726
88	3224	15.0	1	1668 1556
89	2447	15.0	1	1438 1009
90	2230	15.0	1	1182 1048
91	2233	15.0	1	1064 1169
92	1901	15.0	1	949 952
93	1811	15.0	1	844 967
94	1758	15.0	1	630 1128
95	1468	15.0	1	656 812
96	1436	15.0	1	615 821
97	1623	15.0	1	567 1056
98	1476	15.0	1	565 911
99	1840	15.0	1	476 1364
100	1553	15.0	1	426 1127
101	1322	15.0	1	350 972
102	1415	15.0	1	283 1132
103	2331	15.0	1	239 2092
104	1435	15.0	1	234 1201
105	1992	15.0	1	206 1786
106	2740	15.0	1	237 2503
107	2588	15.0	1	182 2406
108	1322	15.0	1	176 1146
109	1344	15.0	1	207 1137
110	1251	15.0	1	179 1072
111	1046	15.0	1	160 886
112	1110	15.0	1	174 936
113	943	15.0	1	132 811
114	1268	15.0	1	173 1095
115	1397	15.0	1	103 1294
116	1373	15.0	1	162 1211
117	1454	15.0	1	169 1285
118	945	15.0	1	81 864
119	1091	15.0	1	104 987
120	1221	15.0	1	105 1116
121	1552	15.0	1	62 1490
122	2013	15.0	1	60 1953
123	1721	15.0	1	40 1681
124	1591	15.0	1	51 1540
125	1122	15.0	1	58 1064
126	1507	15.0	1	182 1325
127	1401	15.0	1	64 1337
128	1657	15.0	1	100 1557
129	1116	15.0	1	85 1031
130	1231	15.0	1	24 1207
131	807	15.0	1	36 771
132	923	15.0	1	24 899
133	913	15.0	1	33 880
134	1099	15.0	1	33 1066
135	1963	15.0	1	15 1948
136	1197	15.0	1	12 1185
137	1747	15.0	1	34 1713
138	1024	15.0	1	20 1004
139	1520	15.0	1	24 1496
140	1444	15.0	1	72 1372
141	836	15.0	1	11 825
142	983	15.0	1	20 963
143	1909	15.0	1	39 1870
144	799	15.0	1	15 784
145	1233	15.0	1	18 1215
146	803	15.0	1	11 792
147	2533	15.0	1	37 2496
148	2313	15.0	1	18 2295
149	2519	15.0	1	74 2445
150	7068	15.0	1	5220 1848
151	1096	15.0	1	174 922

RUN STATISTICS FOR INPUT FILE: LIVER_RNA_SMA_1_S1_L001_1.fastq.gz
=============================================
252433563 sequences processed in total

