
SUMMARISING RUN PARAMETERS
==========================
Input filename: LIVER_RNA_HET_1_S4_L001_2.fastq.gz
Trimming mode: paired-end
Trim Galore version: 0.6.7
Cutadapt version: 3.4
Python version: could not detect
Number of cores used for trimming: 8
Quality Phred score cutoff: 20
Quality encoding type selected: ASCII+33
Using Nextera adapter for trimming (count: 47039). Second best hit was smallRNA (count: 3)
Adapter sequence: 'CTGTCTCTTATA' (Nextera Transposase sequence; auto-detected)
Maximum trimming error rate: 0.1 (default)
Minimum required adapter overlap (stringency): 1 bp
Minimum required sequence length for both reads before a sequence pair gets removed: 20 bp
Running FastQC on the data once trimming has completed
Running FastQC with the following extra arguments: -t 12
Output file will be GZIP compressed


This is cutadapt 3.4 with Python 3.9.6
Command line parameters: -j 8 -e 0.1 -q 20 -O 1 -a CTGTCTCTTATA LIVER_RNA_HET_1_S4_L001_2.fastq.gz
Processing reads on 8 cores in single-end mode ...
Finished in 1402.26 s (6 µs/read; 10.36 M reads/minute).

=== Summary ===

Total reads processed:             242,123,580
Reads with adapters:                98,650,769 (40.7%)
Reads written (passing filters):   242,123,580 (100.0%)

Total basepairs processed: 36,560,660,580 bp
Quality-trimmed:              47,973,206 bp (0.1%)
Total written (filtered):  35,963,260,711 bp (98.4%)

=== Adapter 1 ===

Sequence: CTGTCTCTTATA; Type: regular 3'; Length: 12; Trimmed: 98650769 times

No. of allowed errors:
1-9 bp: 0; 10-12 bp: 1

Bases preceding removed adapters:
  A: 37.4%
  C: 23.7%
  G: 19.6%
  T: 19.2%
  none/other: 0.0%

Overview of removed sequences
length	count	expect	max.err	error counts
1	56267871	60530895.0	0	56267871
2	16863255	15132723.8	0	16863255
3	6557103	3783180.9	0	6557103
4	1940801	945795.2	0	1940801
5	881116	236448.8	0	881116
6	676463	59112.2	0	676463
7	594080	14778.1	0	594080
8	566690	3694.5	0	566690
9	528585	923.6	0	520594 7991
10	549183	230.9	1	525814 23369
11	528945	57.7	1	512768 16177
12	530708	14.4	1	515039 15669
13	480539	14.4	1	465341 15198
14	491522	14.4	1	477845 13677
15	466905	14.4	1	455272 11633
16	520990	14.4	1	497371 23619
17	408252	14.4	1	398655 9597
18	441809	14.4	1	422707 19102
19	430814	14.4	1	421385 9429
20	412124	14.4	1	400867 11257
21	420535	14.4	1	405029 15506
22	413354	14.4	1	399510 13844
23	377731	14.4	1	366436 11295
24	366792	14.4	1	354060 12732
25	361305	14.4	1	353186 8119
26	330712	14.4	1	319934 10778
27	330854	14.4	1	321609 9245
28	332207	14.4	1	321268 10939
29	309550	14.4	1	297855 11695
30	285357	14.4	1	277977 7380
31	293397	14.4	1	285326 8071
32	279423	14.4	1	271979 7444
33	254442	14.4	1	248659 5783
34	247802	14.4	1	238540 9262
35	233193	14.4	1	227896 5297
36	247216	14.4	1	238603 8613
37	236827	14.4	1	230055 6772
38	136601	14.4	1	132765 3836
39	203683	14.4	1	193776 9907
40	160468	14.4	1	150748 9720
41	173878	14.4	1	162704 11174
42	160865	14.4	1	152833 8032
43	177670	14.4	1	142865 34805
44	148698	14.4	1	140400 8298
45	121393	14.4	1	114261 7132
46	130432	14.4	1	113884 16548
47	109477	14.4	1	104291 5186
48	101475	14.4	1	95079 6396
49	111019	14.4	1	86918 24101
50	93341	14.4	1	83644 9697
51	82408	14.4	1	76334 6074
52	73520	14.4	1	70408 3112
53	68464	14.4	1	63017 5447
54	64124	14.4	1	59421 4703
55	81305	14.4	1	53560 27745
56	63453	14.4	1	52676 10777
57	44345	14.4	1	38638 5707
58	47209	14.4	1	40263 6946
59	43215	14.4	1	38340 4875
60	34438	14.4	1	28827 5611
61	38109	14.4	1	29687 8422
62	42843	14.4	1	26862 15981
63	37279	14.4	1	24866 12413
64	26014	14.4	1	20854 5160
65	28774	14.4	1	25792 2982
66	21182	14.4	1	15121 6061
67	18776	14.4	1	15115 3661
68	12276	14.4	1	10282 1994
69	14633	14.4	1	12104 2529
70	15738	14.4	1	11502 4236
71	10668	14.4	1	9359 1309
72	9732	14.4	1	8558 1174
73	9881	14.4	1	8587 1294
74	10294	14.4	1	7946 2348
75	18285	14.4	1	10533 7752
76	9373	14.4	1	7083 2290
77	13504	14.4	1	4768 8736
78	5253	14.4	1	2719 2534
79	5175	14.4	1	3150 2025
80	15893	14.4	1	3102 12791
81	16263	14.4	1	2826 13437
82	4594	14.4	1	2491 2103
83	4135	14.4	1	2241 1894
84	3745	14.4	1	2022 1723
85	5559	14.4	1	2058 3501
86	5303	14.4	1	1887 3416
87	7137	14.4	1	1853 5284
88	8354	14.4	1	1668 6686
89	4114	14.4	1	1407 2707
90	3083	14.4	1	1218 1865
91	2397	14.4	1	1080 1317
92	2988	14.4	1	927 2061
93	2782	14.4	1	838 1944
94	7797	14.4	1	701 7096
95	2887	14.4	1	707 2180
96	16172	14.4	1	641 15531
97	4923	14.4	1	586 4337
98	9223	14.4	1	601 8622
99	3944	14.4	1	540 3404
100	6292	14.4	1	477 5815
101	2123	14.4	1	402 1721
102	2869	14.4	1	378 2491
103	2331	14.4	1	325 2006
104	8437	14.4	1	270 8167
105	21371	14.4	1	261 21110
106	1663	14.4	1	245 1418
107	4447	14.4	1	226 4221
108	1766	14.4	1	192 1574
109	2672	14.4	1	209 2463
110	4244	14.4	1	226 4018
111	1675	14.4	1	164 1511
112	1665	14.4	1	150 1515
113	1662	14.4	1	134 1528
114	6116	14.4	1	143 5973
115	10397	14.4	1	147 10250
116	1994	14.4	1	170 1824
117	6560	14.4	1	197 6363
118	5023	14.4	1	99 4924
119	2839	14.4	1	95 2744
120	3014	14.4	1	82 2932
121	2044	14.4	1	89 1955
122	1946	14.4	1	76 1870
123	1957	14.4	1	52 1905
124	12027	14.4	1	48 11979
125	6278	14.4	1	43 6235
126	22193	14.4	1	36 22157
127	4270	14.4	1	37 4233
128	8490	14.4	1	37 8453
129	1413	14.4	1	27 1386
130	3995	14.4	1	29 3966
131	4478	14.4	1	13 4465
132	3934	14.4	1	24 3910
133	1870	14.4	1	13 1857
134	2242	14.4	1	10 2232
135	1586	14.4	1	27 1559
136	4869	14.4	1	21 4848
137	3247	14.4	1	7 3240
138	1885	14.4	1	8 1877
139	7679	14.4	1	9 7670
140	2250	14.4	1	9 2241
141	7038	14.4	1	5 7033
142	4107	14.4	1	13 4094
143	6072	14.4	1	15 6057
144	9034	14.4	1	12 9022
145	6243	14.4	1	12 6231
146	6621	14.4	1	10 6611
147	3224	14.4	1	18 3206
148	7028	14.4	1	9 7019
149	8372	14.4	1	34 8338
150	25875	14.4	1	20500 5375
151	327	14.4	1	153 174

RUN STATISTICS FOR INPUT FILE: LIVER_RNA_HET_1_S4_L001_2.fastq.gz
=============================================
242123580 sequences processed in total

Total number of sequences analysed for the sequence pair length validation: 242123580

Number of sequence pairs removed because at least one read was shorter than the length cutoff (20 bp): 176331 (0.07%)
