
SUMMARISING RUN PARAMETERS
==========================
Input filename: LIVER_RNA_SMA_2_S2_L001_2.fastq.gz
Trimming mode: paired-end
Trim Galore version: 0.6.7
Cutadapt version: 3.4
Python version: could not detect
Number of cores used for trimming: 8
Quality Phred score cutoff: 20
Quality encoding type selected: ASCII+33
Using Nextera adapter for trimming (count: 51438). Second best hit was smallRNA (count: 2)
Adapter sequence: 'CTGTCTCTTATA' (Nextera Transposase sequence; auto-detected)
Maximum trimming error rate: 0.1 (default)
Minimum required adapter overlap (stringency): 1 bp
Minimum required sequence length for both reads before a sequence pair gets removed: 20 bp
Running FastQC on the data once trimming has completed
Running FastQC with the following extra arguments: -t 12
Output file will be GZIP compressed


This is cutadapt 3.4 with Python 3.9.6
Command line parameters: -j 8 -e 0.1 -q 20 -O 1 -a CTGTCTCTTATA LIVER_RNA_SMA_2_S2_L001_2.fastq.gz
Processing reads on 8 cores in single-end mode ...
Finished in 1190.40 s (6 µs/read; 10.41 M reads/minute).

=== Summary ===

Total reads processed:             206,606,137
Reads with adapters:                84,906,427 (41.1%)
Reads written (passing filters):   206,606,137 (100.0%)

Total basepairs processed: 31,197,526,687 bp
Quality-trimmed:              47,624,768 bp (0.2%)
Total written (filtered):  30,662,688,730 bp (98.3%)

=== Adapter 1 ===

Sequence: CTGTCTCTTATA; Type: regular 3'; Length: 12; Trimmed: 84906427 times

No. of allowed errors:
1-9 bp: 0; 10-12 bp: 1

Bases preceding removed adapters:
  A: 38.5%
  C: 23.4%
  G: 19.1%
  T: 19.0%
  none/other: 0.0%

Overview of removed sequences
length	count	expect	max.err	error counts
1	47516916	51651534.2	0	47516916
2	14305735	12912883.6	0	14305735
3	5603067	3228220.9	0	5603067
4	1711791	807055.2	0	1711791
5	818630	201763.8	0	818630
6	634256	50441.0	0	634256
7	565734	12610.2	0	565734
8	546170	3152.6	0	546170
9	505788	788.1	0	498708 7080
10	530727	197.0	1	508857 21870
11	504677	49.3	1	489205 15472
12	513346	12.3	1	497654 15692
13	461733	12.3	1	448162 13571
14	476188	12.3	1	462484 13704
15	445187	12.3	1	433885 11302
16	501802	12.3	1	480546 21256
17	388099	12.3	1	379134 8965
18	417242	12.3	1	400503 16739
19	407347	12.3	1	398398 8949
20	390290	12.3	1	379923 10367
21	398016	12.3	1	383681 14335
22	392392	12.3	1	379548 12844
23	358947	12.3	1	348659 10288
24	347136	12.3	1	335281 11855
25	340300	12.3	1	332739 7561
26	310378	12.3	1	301005 9373
27	309841	12.3	1	301112 8729
28	311120	12.3	1	300907 10213
29	286222	12.3	1	276384 9838
30	265022	12.3	1	258181 6841
31	273688	12.3	1	266478 7210
32	259454	12.3	1	252665 6789
33	229387	12.3	1	224288 5099
34	230957	12.3	1	222373 8584
35	224418	12.3	1	217477 6941
36	217495	12.3	1	211920 5575
37	150399	12.3	1	145603 4796
38	176416	12.3	1	171742 4674
39	195139	12.3	1	186187 8952
40	143908	12.3	1	136363 7545
41	139965	12.3	1	132298 7667
42	135518	12.3	1	128384 7134
43	152910	12.3	1	126386 26524
44	122736	12.3	1	116765 5971
45	109757	12.3	1	103362 6395
46	112330	12.3	1	98894 13436
47	92986	12.3	1	88616 4370
48	89379	12.3	1	84444 4935
49	92046	12.3	1	71983 20063
50	76616	12.3	1	68755 7861
51	70939	12.3	1	65920 5019
52	59721	12.3	1	57089 2632
53	56865	12.3	1	52295 4570
54	52229	12.3	1	48435 3794
55	67645	12.3	1	44048 23597
56	50595	12.3	1	41847 8748
57	37398	12.3	1	32483 4915
58	38468	12.3	1	32734 5734
59	38613	12.3	1	34571 4042
60	24811	12.3	1	19921 4890
61	29742	12.3	1	23035 6707
62	33719	12.3	1	21469 12250
63	29619	12.3	1	20187 9432
64	20437	12.3	1	16296 4141
65	23067	12.3	1	20465 2602
66	16910	12.3	1	11818 5092
67	15196	12.3	1	12075 3121
68	10027	12.3	1	8384 1643
69	11683	12.3	1	9644 2039
70	12599	12.3	1	9303 3296
71	8782	12.3	1	7569 1213
72	7603	12.3	1	6576 1027
73	7876	12.3	1	6721 1155
74	8482	12.3	1	6421 2061
75	14737	12.3	1	8517 6220
76	7714	12.3	1	5792 1922
77	10386	12.3	1	4003 6383
78	4395	12.3	1	2176 2219
79	4536	12.3	1	2588 1948
80	12235	12.3	1	2535 9700
81	12989	12.3	1	2214 10775
82	4053	12.3	1	2164 1889
83	3679	12.3	1	1894 1785
84	3306	12.3	1	1697 1609
85	4746	12.3	1	1645 3101
86	4305	12.3	1	1514 2791
87	5735	12.3	1	1358 4377
88	7022	12.3	1	1324 5698
89	3758	12.3	1	1252 2506
90	2692	12.3	1	993 1699
91	2024	12.3	1	962 1062
92	2540	12.3	1	807 1733
93	2442	12.3	1	671 1771
94	5999	12.3	1	633 5366
95	2399	12.3	1	581 1818
96	12220	12.3	1	553 11667
97	4391	12.3	1	542 3849
98	8181	12.3	1	503 7678
99	3201	12.3	1	455 2746
100	5245	12.3	1	419 4826
101	1921	12.3	1	401 1520
102	2449	12.3	1	368 2081
103	2245	12.3	1	301 1944
104	6701	12.3	1	231 6470
105	17597	12.3	1	231 17366
106	1599	12.3	1	251 1348
107	3602	12.3	1	240 3362
108	1662	12.3	1	233 1429
109	2380	12.3	1	208 2172
110	3864	12.3	1	208 3656
111	1695	12.3	1	182 1513
112	1569	12.3	1	172 1397
113	1632	12.3	1	148 1484
114	5617	12.3	1	189 5428
115	8682	12.3	1	149 8533
116	1890	12.3	1	175 1715
117	5434	12.3	1	155 5279
118	4479	12.3	1	144 4335
119	2605	12.3	1	115 2490
120	2613	12.3	1	84 2529
121	1710	12.3	1	79 1631
122	1708	12.3	1	104 1604
123	1616	12.3	1	61 1555
124	10283	12.3	1	56 10227
125	5162	12.3	1	49 5113
126	18871	12.3	1	47 18824
127	3807	12.3	1	44 3763
128	7396	12.3	1	51 7345
129	1289	12.3	1	26 1263
130	3293	12.3	1	31 3262
131	4162	12.3	1	23 4139
132	3392	12.3	1	28 3364
133	1759	12.3	1	23 1736
134	2038	12.3	1	11 2027
135	1490	12.3	1	23 1467
136	3950	12.3	1	20 3930
137	3045	12.3	1	15 3030
138	1752	12.3	1	19 1733
139	7687	12.3	1	11 7676
140	2293	12.3	1	16 2277
141	6523	12.3	1	10 6513
142	3423	12.3	1	12 3411
143	5469	12.3	1	14 5455
144	7816	12.3	1	25 7791
145	5887	12.3	1	17 5870
146	6085	12.3	1	10 6075
147	2929	12.3	1	26 2903
148	6168	12.3	1	13 6155
149	7512	12.3	1	29 7483
150	9777	12.3	1	5272 4505
151	340	12.3	1	158 182

RUN STATISTICS FOR INPUT FILE: LIVER_RNA_SMA_2_S2_L001_2.fastq.gz
=============================================
206606137 sequences processed in total

Total number of sequences analysed for the sequence pair length validation: 206606137

Number of sequence pairs removed because at least one read was shorter than the length cutoff (20 bp): 138377 (0.07%)
