
SUMMARISING RUN PARAMETERS
==========================
Input filename: LIVER_RNA_HET_2_S5_L001_1.fastq.gz
Trimming mode: paired-end
Trim Galore version: 0.6.7
Cutadapt version: 3.4
Python version: could not detect
Number of cores used for trimming: 8
Quality Phred score cutoff: 20
Quality encoding type selected: ASCII+33
Using Nextera adapter for trimming (count: 48546). Second best hit was smallRNA (count: 2)
Adapter sequence: 'CTGTCTCTTATA' (Nextera Transposase sequence; auto-detected)
Maximum trimming error rate: 0.1 (default)
Minimum required adapter overlap (stringency): 1 bp
Minimum required sequence length for both reads before a sequence pair gets removed: 20 bp
Running FastQC on the data once trimming has completed
Running FastQC with the following extra arguments: -t 12
Output file will be GZIP compressed


This is cutadapt 3.4 with Python 3.9.6
Command line parameters: -j 8 -e 0.1 -q 20 -O 1 -a CTGTCTCTTATA LIVER_RNA_HET_2_S5_L001_1.fastq.gz
Processing reads on 8 cores in single-end mode ...
Finished in 1288.85 s (6 µs/read; 10.62 M reads/minute).

=== Summary ===

Total reads processed:             228,097,278
Reads with adapters:                90,662,597 (39.7%)
Reads written (passing filters):   228,097,278 (100.0%)

Total basepairs processed: 34,442,688,978 bp
Quality-trimmed:              29,025,409 bp (0.1%)
Total written (filtered):  33,940,900,976 bp (98.5%)

=== Adapter 1 ===

Sequence: CTGTCTCTTATA; Type: regular 3'; Length: 12; Trimmed: 90662597 times

No. of allowed errors:
1-9 bp: 0; 10-12 bp: 1

Bases preceding removed adapters:
  A: 36.9%
  C: 20.3%
  G: 20.5%
  T: 22.2%
  none/other: 0.0%

Overview of removed sequences
length	count	expect	max.err	error counts
1	51339463	57024319.5	0	51339463
2	15337541	14256079.9	0	15337541
3	5940087	3564020.0	0	5940087
4	2094832	891005.0	0	2094832
5	842530	222751.2	0	842530
6	657599	55687.8	0	657599
7	593882	13922.0	0	593882
8	568917	3480.5	0	568917
9	528442	870.1	0	522159 6283
10	546821	217.5	1	525062 21759
11	519583	54.4	1	503777 15806
12	554846	13.6	1	529101 25745
13	467430	13.6	1	457487 9943
14	505925	13.6	1	486166 19759
15	463898	13.6	1	450351 13547
16	642432	13.6	1	615012 27420
17	324306	13.6	1	314262 10044
18	417143	13.6	1	406167 10976
19	397847	13.6	1	383784 14063
20	419969	13.6	1	409486 10483
21	418376	13.6	1	403753 14623
22	373703	13.6	1	366295 7408
23	385601	13.6	1	373457 12144
24	343235	13.6	1	335086 8149
25	351004	13.6	1	342191 8813
26	327887	13.6	1	319035 8852
27	336000	13.6	1	324930 11070
28	300594	13.6	1	293409 7185
29	314425	13.6	1	304038 10387
30	264064	13.6	1	258903 5161
31	279426	13.6	1	271376 8050
32	259628	13.6	1	253963 5665
33	240683	13.6	1	234061 6622
34	249111	13.6	1	242099 7012
35	236990	13.6	1	229975 7015
36	169114	13.6	1	164980 4134
37	190106	13.6	1	185663 4443
38	176128	13.6	1	171385 4743
39	168007	13.6	1	163000 5007
40	169805	13.6	1	163400 6405
41	155492	13.6	1	150001 5491
42	154590	13.6	1	149394 5196
43	129085	13.6	1	125457 3628
44	125937	13.6	1	122943 2994
45	120515	13.6	1	116591 3924
46	109502	13.6	1	105104 4398
47	157567	13.6	1	154298 3269
48	25837	13.6	1	24290 1547
49	67806	13.6	1	65657 2149
50	83097	13.6	1	80223 2874
51	76430	13.6	1	74183 2247
52	45988	13.6	1	43990 1998
53	63041	13.6	1	60814 2227
54	54139	13.6	1	51781 2358
55	41148	13.6	1	39590 1558
56	42202	13.6	1	40150 2052
57	57880	13.6	1	55867 2013
58	30812	13.6	1	29143 1669
59	35038	13.6	1	33480 1558
60	30545	13.6	1	29169 1376
61	28136	13.6	1	26812 1324
62	13357	13.6	1	12190 1167
63	9853	13.6	1	8597 1256
64	29140	13.6	1	27666 1474
65	16376	13.6	1	14731 1645
66	10853	13.6	1	9228 1625
67	10379	13.6	1	7361 3018
68	22186	13.6	1	20460 1726
69	9491	13.6	1	7080 2411
70	12799	13.6	1	10837 1962
71	7231	13.6	1	4330 2901
72	8313	13.6	1	2436 5877
73	3377	13.6	1	1248 2129
74	4898	13.6	1	3036 1862
75	6457	13.6	1	4383 2074
76	8523	13.6	1	4705 3818
77	5747	13.6	1	4322 1425
78	5586	13.6	1	3931 1655
79	4375	13.6	1	3309 1066
80	3786	13.6	1	2997 789
81	3497	13.6	1	2597 900
82	3114	13.6	1	2236 878
83	3197	13.6	1	2125 1072
84	2804	13.6	1	1848 956
85	2567	13.6	1	1704 863
86	2673	13.6	1	1533 1140
87	2916	13.6	1	1416 1500
88	2728	13.6	1	1349 1379
89	2117	13.6	1	1124 993
90	2060	13.6	1	1080 980
91	2000	13.6	1	898 1102
92	1903	13.6	1	822 1081
93	1451	13.6	1	636 815
94	1600	13.6	1	552 1048
95	1399	13.6	1	530 869
96	1350	13.6	1	541 809
97	1405	13.6	1	462 943
98	1381	13.6	1	468 913
99	1855	13.6	1	509 1346
100	1389	13.6	1	355 1034
101	1401	13.6	1	301 1100
102	1454	13.6	1	245 1209
103	2130	13.6	1	254 1876
104	1415	13.6	1	188 1227
105	1672	13.6	1	178 1494
106	2428	13.6	1	172 2256
107	2412	13.6	1	184 2228
108	1304	13.6	1	161 1143
109	1234	13.6	1	184 1050
110	1204	13.6	1	140 1064
111	956	13.6	1	123 833
112	972	13.6	1	104 868
113	987	13.6	1	152 835
114	1287	13.6	1	110 1177
115	1311	13.6	1	81 1230
116	1578	13.6	1	127 1451
117	1484	13.6	1	135 1349
118	970	13.6	1	86 884
119	1097	13.6	1	63 1034
120	1215	13.6	1	86 1129
121	1639	13.6	1	55 1584
122	2044	13.6	1	45 1999
123	1584	13.6	1	41 1543
124	1501	13.6	1	34 1467
125	1046	13.6	1	51 995
126	1279	13.6	1	138 1141
127	1290	13.6	1	68 1222
128	1444	13.6	1	85 1359
129	1029	13.6	1	69 960
130	1272	13.6	1	22 1250
131	808	13.6	1	40 768
132	803	13.6	1	15 788
133	1019	13.6	1	21 998
134	1207	13.6	1	39 1168
135	1706	13.6	1	17 1689
136	1159	13.6	1	27 1132
137	1593	13.6	1	38 1555
138	995	13.6	1	28 967
139	1413	13.6	1	18 1395
140	1496	13.6	1	51 1445
141	835	13.6	1	9 826
142	936	13.6	1	11 925
143	1635	13.6	1	42 1593
144	654	13.6	1	4 650
145	1170	13.6	1	23 1147
146	827	13.6	1	10 817
147	2704	13.6	1	37 2667
148	2251	13.6	1	23 2228
149	2549	13.6	1	55 2494
150	4653	13.6	1	2759 1894
151	1245	13.6	1	182 1063

RUN STATISTICS FOR INPUT FILE: LIVER_RNA_HET_2_S5_L001_1.fastq.gz
=============================================
228097278 sequences processed in total

