
SUMMARISING RUN PARAMETERS
==========================
Input filename: LIVER_RNA_SMA_2_S2_L001_1.fastq.gz
Trimming mode: paired-end
Trim Galore version: 0.6.7
Cutadapt version: 3.4
Python version: could not detect
Number of cores used for trimming: 8
Quality Phred score cutoff: 20
Quality encoding type selected: ASCII+33
Using Nextera adapter for trimming (count: 51438). Second best hit was smallRNA (count: 2)
Adapter sequence: 'CTGTCTCTTATA' (Nextera Transposase sequence; auto-detected)
Maximum trimming error rate: 0.1 (default)
Minimum required adapter overlap (stringency): 1 bp
Minimum required sequence length for both reads before a sequence pair gets removed: 20 bp
Running FastQC on the data once trimming has completed
Running FastQC with the following extra arguments: -t 12
Output file will be GZIP compressed


This is cutadapt 3.4 with Python 3.9.6
Command line parameters: -j 8 -e 0.1 -q 20 -O 1 -a CTGTCTCTTATA LIVER_RNA_SMA_2_S2_L001_1.fastq.gz
Processing reads on 8 cores in single-end mode ...
Finished in 1217.86 s (6 µs/read; 10.18 M reads/minute).

=== Summary ===

Total reads processed:             206,606,137
Reads with adapters:                82,740,082 (40.0%)
Reads written (passing filters):   206,606,137 (100.0%)

Total basepairs processed: 31,197,526,687 bp
Quality-trimmed:              24,759,939 bp (0.1%)
Total written (filtered):  30,722,618,400 bp (98.5%)

=== Adapter 1 ===

Sequence: CTGTCTCTTATA; Type: regular 3'; Length: 12; Trimmed: 82740082 times

No. of allowed errors:
1-9 bp: 0; 10-12 bp: 1

Bases preceding removed adapters:
  A: 37.8%
  C: 20.1%
  G: 20.4%
  T: 21.7%
  none/other: 0.0%

Overview of removed sequences
length	count	expect	max.err	error counts
1	46233256	51651534.2	0	46233256
2	13868488	12912883.6	0	13868488
3	5332796	3228220.9	0	5332796
4	1943457	807055.2	0	1943457
5	782483	201763.8	0	782483
6	625167	50441.0	0	625167
7	560458	12610.2	0	560458
8	544580	3152.6	0	544580
9	507059	788.1	0	501737 5322
10	531088	197.0	1	510691 20397
11	500571	49.3	1	487232 13339
12	533055	12.3	1	510741 22314
13	450388	12.3	1	442354 8034
14	485356	12.3	1	467145 18211
15	440793	12.3	1	429641 11152
16	567282	12.3	1	542465 24817
17	355936	12.3	1	347562 8374
18	399677	12.3	1	390691 8986
19	381465	12.3	1	370351 11114
20	402612	12.3	1	393785 8827
21	402002	12.3	1	389305 12697
22	361960	12.3	1	356006 5954
23	372823	12.3	1	362244 10579
24	333949	12.3	1	327146 6803
25	339827	12.3	1	331952 7875
26	316579	12.3	1	309014 7565
27	311101	12.3	1	301812 9289
28	304389	12.3	1	297204 7185
29	304411	12.3	1	294982 9429
30	254158	12.3	1	250191 3967
31	278230	12.3	1	270738 7492
32	249416	12.3	1	245115 4301
33	238037	12.3	1	231688 6349
34	233394	12.3	1	227369 6025
35	212322	12.3	1	206228 6094
36	186925	12.3	1	183593 3332
37	187980	12.3	1	182665 5315
38	175802	12.3	1	172045 3757
39	160552	12.3	1	156567 3985
40	162656	12.3	1	157924 4732
41	183347	12.3	1	178466 4881
42	109026	12.3	1	105187 3839
43	132636	12.3	1	129044 3592
44	135701	12.3	1	130483 5218
45	143055	12.3	1	138640 4415
46	76130	12.3	1	73296 2834
47	167696	12.3	1	164131 3565
48	15324	12.3	1	14042 1282
49	74808	12.3	1	72494 2314
50	137174	12.3	1	133986 3188
51	63353	12.3	1	61546 1807
52	33758	12.3	1	32076 1682
53	69889	12.3	1	68085 1804
54	53404	12.3	1	51316 2088
55	30593	12.3	1	29279 1314
56	50224	12.3	1	48142 2082
57	83230	12.3	1	81663 1567
58	19876	12.3	1	18646 1230
59	30458	12.3	1	29288 1170
60	15624	12.3	1	14642 982
61	23130	12.3	1	22061 1069
62	6188	12.3	1	5257 931
63	5237	12.3	1	4021 1216
64	27743	12.3	1	26583 1160
65	10982	12.3	1	9540 1442
66	4662	12.3	1	3485 1177
67	8280	12.3	1	5684 2596
68	18789	12.3	1	17353 1436
69	5147	12.3	1	3072 2075
70	8469	12.3	1	7007 1462
71	7011	12.3	1	4537 2474
72	7675	12.3	1	2959 4716
73	2341	12.3	1	595 1746
74	3751	12.3	1	2148 1603
75	5929	12.3	1	4029 1900
76	7744	12.3	1	4455 3289
77	5363	12.3	1	4114 1249
78	5384	12.3	1	3779 1605
79	4414	12.3	1	3404 1010
80	3654	12.3	1	2963 691
81	3355	12.3	1	2532 823
82	3201	12.3	1	2394 807
83	3035	12.3	1	2096 939
84	2576	12.3	1	1825 751
85	2485	12.3	1	1749 736
86	2709	12.3	1	1622 1087
87	2751	12.3	1	1387 1364
88	2491	12.3	1	1413 1078
89	2162	12.3	1	1254 908
90	1982	12.3	1	1059 923
91	1977	12.3	1	920 1057
92	1670	12.3	1	762 908
93	1411	12.3	1	662 749
94	1560	12.3	1	597 963
95	1298	12.3	1	538 760
96	1252	12.3	1	516 736
97	1354	12.3	1	535 819
98	1309	12.3	1	474 835
99	1566	12.3	1	446 1120
100	1325	12.3	1	383 942
101	1275	12.3	1	353 922
102	1318	12.3	1	298 1020
103	1773	12.3	1	244 1529
104	1183	12.3	1	199 984
105	1709	12.3	1	207 1502
106	2020	12.3	1	207 1813
107	2036	12.3	1	174 1862
108	1174	12.3	1	187 987
109	1136	12.3	1	158 978
110	1107	12.3	1	165 942
111	927	12.3	1	145 782
112	883	12.3	1	136 747
113	855	12.3	1	127 728
114	1255	12.3	1	131 1124
115	1124	12.3	1	123 1001
116	1257	12.3	1	155 1102
117	1285	12.3	1	129 1156
118	971	12.3	1	106 865
119	1021	12.3	1	75 946
120	1105	12.3	1	55 1050
121	1342	12.3	1	65 1277
122	1657	12.3	1	58 1599
123	1386	12.3	1	46 1340
124	1346	12.3	1	37 1309
125	940	12.3	1	54 886
126	1158	12.3	1	121 1037
127	1175	12.3	1	39 1136
128	1293	12.3	1	87 1206
129	1034	12.3	1	62 972
130	1168	12.3	1	22 1146
131	748	12.3	1	35 713
132	783	12.3	1	31 752
133	933	12.3	1	17 916
134	970	12.3	1	40 930
135	1459	12.3	1	12 1447
136	1026	12.3	1	21 1005
137	1413	12.3	1	19 1394
138	905	12.3	1	37 868
139	1227	12.3	1	18 1209
140	1416	12.3	1	38 1378
141	657	12.3	1	8 649
142	841	12.3	1	15 826
143	1652	12.3	1	28 1624
144	649	12.3	1	22 627
145	1203	12.3	1	24 1179
146	674	12.3	1	16 658
147	2236	12.3	1	47 2189
148	1932	12.3	1	29 1903
149	2185	12.3	1	82 2103
150	7240	12.3	1	5454 1786
151	872	12.3	1	161 711

RUN STATISTICS FOR INPUT FILE: LIVER_RNA_SMA_2_S2_L001_1.fastq.gz
=============================================
206606137 sequences processed in total

