
SUMMARISING RUN PARAMETERS
==========================
Input filename: LIVER_RNA_HET_2_S5_L001_2.fastq.gz
Trimming mode: paired-end
Trim Galore version: 0.6.7
Cutadapt version: 3.4
Python version: could not detect
Number of cores used for trimming: 8
Quality Phred score cutoff: 20
Quality encoding type selected: ASCII+33
Using Nextera adapter for trimming (count: 48546). Second best hit was smallRNA (count: 2)
Adapter sequence: 'CTGTCTCTTATA' (Nextera Transposase sequence; auto-detected)
Maximum trimming error rate: 0.1 (default)
Minimum required adapter overlap (stringency): 1 bp
Minimum required sequence length for both reads before a sequence pair gets removed: 20 bp
Running FastQC on the data once trimming has completed
Running FastQC with the following extra arguments: -t 12
Output file will be GZIP compressed


This is cutadapt 3.4 with Python 3.9.6
Command line parameters: -j 8 -e 0.1 -q 20 -O 1 -a CTGTCTCTTATA LIVER_RNA_HET_2_S5_L001_2.fastq.gz
Processing reads on 8 cores in single-end mode ...
Finished in 1286.43 s (6 µs/read; 10.64 M reads/minute).

=== Summary ===

Total reads processed:             228,097,278
Reads with adapters:                92,683,859 (40.6%)
Reads written (passing filters):   228,097,278 (100.0%)

Total basepairs processed: 34,442,688,978 bp
Quality-trimmed:              49,849,298 bp (0.1%)
Total written (filtered):  33,884,538,613 bp (98.4%)

=== Adapter 1 ===

Sequence: CTGTCTCTTATA; Type: regular 3'; Length: 12; Trimmed: 92683859 times

No. of allowed errors:
1-9 bp: 0; 10-12 bp: 1

Bases preceding removed adapters:
  A: 37.9%
  C: 23.5%
  G: 19.2%
  T: 19.4%
  none/other: 0.0%

Overview of removed sequences
length	count	expect	max.err	error counts
1	52455212	57024319.5	0	52455212
2	15857308	14256079.9	0	15857308
3	6094891	3564020.0	0	6094891
4	1881773	891005.0	0	1881773
5	875510	222751.2	0	875510
6	687281	55687.8	0	687281
7	598213	13922.0	0	598213
8	574988	3480.5	0	574988
9	528760	870.1	0	520587 8173
10	553358	217.5	1	530236 23122
11	527471	54.4	1	511465 16006
12	538337	13.6	1	522793 15544
13	475665	13.6	1	462327 13338
14	499912	13.6	1	486264 13648
15	465984	13.6	1	454798 11186
16	527526	13.6	1	505247 22279
17	410307	13.6	1	401010 9297
18	431451	13.6	1	414360 17091
19	429198	13.6	1	420030 9168
20	406418	13.6	1	396580 9838
21	414062	13.6	1	400195 13867
22	406597	13.6	1	394101 12496
23	370429	13.6	1	360461 9968
24	358545	13.6	1	346907 11638
25	353139	13.6	1	345429 7710
26	322102	13.6	1	312439 9663
27	321198	13.6	1	312477 8721
28	321299	13.6	1	311025 10274
29	293351	13.6	1	283629 9722
30	275309	13.6	1	268080 7229
31	279724	13.6	1	272516 7208
32	260286	13.6	1	253333 6953
33	283796	13.6	1	277886 5910
34	193926	13.6	1	185216 8710
35	218529	13.6	1	213847 4682
36	227486	13.6	1	221726 5760
37	162758	13.6	1	157143 5615
38	220776	13.6	1	214673 6103
39	128150	13.6	1	120322 7828
40	164990	13.6	1	156148 8842
41	151949	13.6	1	143448 8501
42	146456	13.6	1	139063 7393
43	156920	13.6	1	127741 29179
44	133515	13.6	1	128190 5325
45	102827	13.6	1	96824 6003
46	114191	13.6	1	101197 12994
47	95022	13.6	1	90980 4042
48	86947	13.6	1	81908 5039
49	93742	13.6	1	75498 18244
50	79723	13.6	1	72774 6949
51	67707	13.6	1	62960 4747
52	63215	13.6	1	60356 2859
53	56411	13.6	1	51694 4717
54	53265	13.6	1	49372 3893
55	67039	13.6	1	43918 23121
56	49013	13.6	1	40970 8043
57	38277	13.6	1	33474 4803
58	39141	13.6	1	33150 5991
59	39427	13.6	1	35238 4189
60	24828	13.6	1	20085 4743
61	30909	13.6	1	23746 7163
62	33520	13.6	1	21838 11682
63	29729	13.6	1	20534 9195
64	21022	13.6	1	16781 4241
65	24001	13.6	1	21424 2577
66	16984	13.6	1	11784 5200
67	15524	13.6	1	12354 3170
68	9784	13.6	1	8073 1711
69	12301	13.6	1	10071 2230
70	13050	13.6	1	9687 3363
71	8912	13.6	1	7570 1342
72	7917	13.6	1	6733 1184
73	8095	13.6	1	6758 1337
74	8500	13.6	1	6515 1985
75	15280	13.6	1	8571 6709
76	7828	13.6	1	5832 1996
77	10934	13.6	1	3864 7070
78	4633	13.6	1	2218 2415
79	4788	13.6	1	2512 2276
80	13563	13.6	1	2521 11042
81	12753	13.6	1	2304 10449
82	4059	13.6	1	2078 1981
83	3976	13.6	1	1996 1980
84	3419	13.6	1	1733 1686
85	4793	13.6	1	1631 3162
86	4151	13.6	1	1493 2658
87	6051	13.6	1	1413 4638
88	7233	13.6	1	1318 5915
89	3695	13.6	1	1119 2576
90	2760	13.6	1	1038 1722
91	2254	13.6	1	897 1357
92	2859	13.6	1	841 2018
93	2507	13.6	1	683 1824
94	6332	13.6	1	600 5732
95	2672	13.6	1	600 2072
96	13232	13.6	1	560 12672
97	4861	13.6	1	527 4334
98	8632	13.6	1	519 8113
99	3650	13.6	1	558 3092
100	5621	13.6	1	449 5172
101	1888	13.6	1	358 1530
102	2608	13.6	1	308 2300
103	2246	13.6	1	325 1921
104	6600	13.6	1	254 6346
105	17887	13.6	1	245 17642
106	1704	13.6	1	217 1487
107	4019	13.6	1	255 3764
108	1802	13.6	1	212 1590
109	3031	13.6	1	253 2778
110	3734	13.6	1	194 3540
111	1704	13.6	1	150 1554
112	1615	13.6	1	163 1452
113	1787	13.6	1	176 1611
114	5462	13.6	1	166 5296
115	8116	13.6	1	126 7990
116	1954	13.6	1	185 1769
117	5249	13.6	1	180 5069
118	4583	13.6	1	113 4470
119	2741	13.6	1	108 2633
120	2560	13.6	1	99 2461
121	1779	13.6	1	96 1683
122	1761	13.6	1	94 1667
123	1872	13.6	1	86 1786
124	10280	13.6	1	70 10210
125	5490	13.6	1	70 5420
126	18479	13.6	1	59 18420
127	4268	13.6	1	50 4218
128	7985	13.6	1	42 7943
129	1489	13.6	1	42 1447
130	3280	13.6	1	41 3239
131	3957	13.6	1	30 3927
132	3419	13.6	1	23 3396
133	1785	13.6	1	21 1764
134	2018	13.6	1	15 2003
135	1599	13.6	1	14 1585
136	4294	13.6	1	14 4280
137	2928	13.6	1	19 2909
138	1876	13.6	1	12 1864
139	6967	13.6	1	13 6954
140	2190	13.6	1	16 2174
141	6131	13.6	1	14 6117
142	3346	13.6	1	14 3332
143	5145	13.6	1	21 5124
144	7381	13.6	1	14 7367
145	5818	13.6	1	21 5797
146	5740	13.6	1	7 5733
147	3095	13.6	1	13 3082
148	5808	13.6	1	5 5803
149	6885	13.6	1	22 6863
150	6690	13.6	1	2662 4028
151	400	13.6	1	159 241

RUN STATISTICS FOR INPUT FILE: LIVER_RNA_HET_2_S5_L001_2.fastq.gz
=============================================
228097278 sequences processed in total

Total number of sequences analysed for the sequence pair length validation: 228097278

Number of sequence pairs removed because at least one read was shorter than the length cutoff (20 bp): 139140 (0.06%)
