
SUMMARISING RUN PARAMETERS
==========================
Input filename: P7_LIVER_RNA_SMA_3_S3_L001_2.fastq.gz
Trimming mode: paired-end
Trim Galore version: 0.6.7
Cutadapt version: 3.4
Python version: could not detect
Number of cores used for trimming: 8
Quality Phred score cutoff: 20
Quality encoding type selected: ASCII+33
Using Nextera adapter for trimming (count: 50349). Second best hit was smallRNA (count: 2)
Adapter sequence: 'CTGTCTCTTATA' (Nextera Transposase sequence; auto-detected)
Maximum trimming error rate: 0.1 (default)
Minimum required adapter overlap (stringency): 1 bp
Minimum required sequence length for both reads before a sequence pair gets removed: 20 bp
Running FastQC on the data once trimming has completed
Running FastQC with the following extra arguments: -t 12
Output file will be GZIP compressed


This is cutadapt 3.4 with Python 3.9.6
Command line parameters: -j 8 -e 0.1 -q 20 -O 1 -a CTGTCTCTTATA P7_LIVER_RNA_SMA_3_S3_L001_2.fastq.gz
Processing reads on 8 cores in single-end mode ...
Finished in 1230.87 s (6 µs/read; 10.14 M reads/minute).

=== Summary ===

Total reads processed:             207,984,758
Reads with adapters:                85,429,851 (41.1%)
Reads written (passing filters):   207,984,758 (100.0%)

Total basepairs processed: 31,405,698,458 bp
Quality-trimmed:              51,484,176 bp (0.2%)
Total written (filtered):  30,871,001,060 bp (98.3%)

=== Adapter 1 ===

Sequence: CTGTCTCTTATA; Type: regular 3'; Length: 12; Trimmed: 85429851 times

No. of allowed errors:
1-9 bp: 0; 10-12 bp: 1

Bases preceding removed adapters:
  A: 37.3%
  C: 23.9%
  G: 19.1%
  T: 19.6%
  none/other: 0.0%

Overview of removed sequences
length	count	expect	max.err	error counts
1	48133141	51996189.5	0	48133141
2	14620248	12999047.4	0	14620248
3	5527271	3249761.8	0	5527271
4	1739958	812440.5	0	1739958
5	807793	203110.1	0	807793
6	634045	50777.5	0	634045
7	546467	12694.4	0	546467
8	526727	3173.6	0	526727
9	487627	793.4	0	479654 7973
10	507268	198.3	1	485025 22243
11	482938	49.6	1	467963 14975
12	493802	12.4	1	478656 15146
13	439289	12.4	1	427038 12251
14	453835	12.4	1	440492 13343
15	424859	12.4	1	414157 10702
16	479112	12.4	1	458791 20321
17	374070	12.4	1	365326 8744
18	396956	12.4	1	381676 15280
19	393767	12.4	1	385052 8715
20	372919	12.4	1	363244 9675
21	381948	12.4	1	368804 13144
22	375065	12.4	1	363240 11825
23	345178	12.4	1	335379 9799
24	333472	12.4	1	322430 11042
25	326158	12.4	1	318761 7397
26	302362	12.4	1	293484 8878
27	299118	12.4	1	290982 8136
28	296904	12.4	1	287354 9550
29	274359	12.4	1	265004 9355
30	262238	12.4	1	255216 7022
31	264453	12.4	1	257103 7350
32	245174	12.4	1	238799 6375
33	247247	12.4	1	241437 5810
34	214953	12.4	1	205754 9199
35	204705	12.4	1	200420 4285
36	193210	12.4	1	187608 5602
37	187560	12.4	1	181590 5970
38	173193	12.4	1	168044 5149
39	173609	12.4	1	164458 9151
40	203065	12.4	1	194647 8418
41	108115	12.4	1	100351 7764
42	146296	12.4	1	138949 7347
43	157001	12.4	1	130496 26505
44	133308	12.4	1	128344 4964
45	105782	12.4	1	99940 5842
46	116337	12.4	1	103113 13224
47	96831	12.4	1	92445 4386
48	92558	12.4	1	87591 4967
49	93823	12.4	1	77719 16104
50	82264	12.4	1	75313 6951
51	72508	12.4	1	68209 4299
52	65862	12.4	1	63076 2786
53	61366	12.4	1	56719 4647
54	57552	12.4	1	53656 3896
55	68129	12.4	1	48320 19809
56	55184	12.4	1	47296 7888
57	38935	12.4	1	34308 4627
58	41225	12.4	1	35634 5591
59	41779	12.4	1	37507 4272
60	28520	12.4	1	23382 5138
61	32533	12.4	1	26315 6218
62	35497	12.4	1	24063 11434
63	30036	12.4	1	22213 7823
64	23016	12.4	1	19285 3731
65	22871	12.4	1	20295 2576
66	19907	12.4	1	15680 4227
67	16908	12.4	1	13999 2909
68	11549	12.4	1	9740 1809
69	13430	12.4	1	11296 2134
70	13728	12.4	1	10664 3064
71	10018	12.4	1	8665 1353
72	8915	12.4	1	7663 1252
73	8970	12.4	1	7776 1194
74	9173	12.4	1	7134 2039
75	15553	12.4	1	9551 6002
76	8327	12.4	1	6402 1925
77	10207	12.4	1	4239 5968
78	4759	12.4	1	2511 2248
79	5239	12.4	1	2810 2429
80	12252	12.4	1	2841 9411
81	12852	12.4	1	2704 10148
82	4385	12.4	1	2312 2073
83	4120	12.4	1	2199 1921
84	3686	12.4	1	1869 1817
85	4895	12.4	1	1979 2916
86	4227	12.4	1	1646 2581
87	5571	12.4	1	1607 3964
88	6286	12.4	1	1469 4817
89	3399	12.4	1	1278 2121
90	2991	12.4	1	1247 1744
91	2300	12.4	1	941 1359
92	2825	12.4	1	879 1946
93	2627	12.4	1	773 1854
94	6654	12.4	1	691 5963
95	2770	12.4	1	710 2060
96	11207	12.4	1	568 10639
97	4468	12.4	1	623 3845
98	7633	12.4	1	595 7038
99	3398	12.4	1	569 2829
100	4734	12.4	1	475 4259
101	1974	12.4	1	401 1573
102	2286	12.4	1	345 1941
103	2319	12.4	1	364 1955
104	6445	12.4	1	300 6145
105	15045	12.4	1	254 14791
106	1657	12.4	1	246 1411
107	3690	12.4	1	233 3457
108	1783	12.4	1	234 1549
109	2600	12.4	1	237 2363
110	3521	12.4	1	223 3298
111	1786	12.4	1	209 1577
112	1655	12.4	1	203 1452
113	1566	12.4	1	168 1398
114	5378	12.4	1	174 5204
115	6780	12.4	1	165 6615
116	1846	12.4	1	195 1651
117	4730	12.4	1	181 4549
118	3624	12.4	1	136 3488
119	2581	12.4	1	110 2471
120	2309	12.4	1	116 2193
121	1857	12.4	1	95 1762
122	1731	12.4	1	116 1615
123	1740	12.4	1	96 1644
124	8674	12.4	1	55 8619
125	4768	12.4	1	77 4691
126	14257	12.4	1	64 14193
127	3311	12.4	1	65 3246
128	6283	12.4	1	60 6223
129	1363	12.4	1	43 1320
130	3105	12.4	1	32 3073
131	3771	12.4	1	28 3743
132	2886	12.4	1	21 2865
133	1730	12.4	1	37 1693
134	2006	12.4	1	14 1992
135	1485	12.4	1	19 1466
136	3636	12.4	1	19 3617
137	2838	12.4	1	22 2816
138	1758	12.4	1	16 1742
139	6405	12.4	1	18 6387
140	2178	12.4	1	12 2166
141	5504	12.4	1	8 5496
142	3224	12.4	1	9 3215
143	4513	12.4	1	24 4489
144	6652	12.4	1	9 6643
145	5172	12.4	1	13 5159
146	5152	12.4	1	10 5142
147	2734	12.4	1	20 2714
148	5167	12.4	1	16 5151
149	6363	12.4	1	26 6337
150	12329	12.4	1	8265 4064
151	330	12.4	1	163 167

RUN STATISTICS FOR INPUT FILE: P7_LIVER_RNA_SMA_3_S3_L001_2.fastq.gz
=============================================
207984758 sequences processed in total

Total number of sequences analysed for the sequence pair length validation: 207984758

Number of sequence pairs removed because at least one read was shorter than the length cutoff (20 bp): 136935 (0.07%)
