
SUMMARISING RUN PARAMETERS
==========================
Input filename: P7_LIVER_RNA_HET_3_S6_L001_2.fastq.gz
Trimming mode: paired-end
Trim Galore version: 0.6.7
Cutadapt version: 3.4
Python version: could not detect
Number of cores used for trimming: 8
Quality Phred score cutoff: 20
Quality encoding type selected: ASCII+33
Using Nextera adapter for trimming (count: 49622). Second best hit was smallRNA (count: 2)
Adapter sequence: 'CTGTCTCTTATA' (Nextera Transposase sequence; auto-detected)
Maximum trimming error rate: 0.1 (default)
Minimum required adapter overlap (stringency): 1 bp
Minimum required sequence length for both reads before a sequence pair gets removed: 20 bp
Running FastQC on the data once trimming has completed
Running FastQC with the following extra arguments: -t 12
Output file will be GZIP compressed


This is cutadapt 3.4 with Python 3.9.6
Command line parameters: -j 8 -e 0.1 -q 20 -O 1 -a CTGTCTCTTATA P7_LIVER_RNA_HET_3_S6_L001_2.fastq.gz
Processing reads on 8 cores in single-end mode ...
Finished in 1550.89 s (6 µs/read; 9.86 M reads/minute).

=== Summary ===

Total reads processed:             254,900,968
Reads with adapters:               103,929,986 (40.8%)
Reads written (passing filters):   254,900,968 (100.0%)

Total basepairs processed: 38,490,046,168 bp
Quality-trimmed:              67,705,637 bp (0.2%)
Total written (filtered):  37,844,656,213 bp (98.3%)

=== Adapter 1 ===

Sequence: CTGTCTCTTATA; Type: regular 3'; Length: 12; Trimmed: 103929986 times

No. of allowed errors:
1-9 bp: 0; 10-12 bp: 1

Bases preceding removed adapters:
  A: 37.5%
  C: 23.7%
  G: 19.0%
  T: 19.8%
  none/other: 0.0%

Overview of removed sequences
length	count	expect	max.err	error counts
1	58532970	63725242.0	0	58532970
2	17844456	15931310.5	0	17844456
3	6766747	3982827.6	0	6766747
4	2109032	995706.9	0	2109032
5	999270	248926.7	0	999270
6	780411	62231.7	0	780411
7	675676	15557.9	0	675676
8	649500	3889.5	0	649500
9	611549	972.4	0	601318 10231
10	629719	243.1	1	601798 27921
11	600264	60.8	1	581989 18275
12	621263	15.2	1	602304 18959
13	541612	15.2	1	526620 14992
14	564501	15.2	1	548264 16237
15	521956	15.2	1	509424 12532
16	584670	15.2	1	559924 24746
17	473169	15.2	1	462199 10970
18	482187	15.2	1	464608 17579
19	489336	15.2	1	478294 11042
20	458359	15.2	1	447032 11327
21	470299	15.2	1	454431 15868
22	457142	15.2	1	443117 14025
23	422006	15.2	1	410056 11950
24	408806	15.2	1	395160 13646
25	398386	15.2	1	389152 9234
26	367022	15.2	1	356615 10407
27	362533	15.2	1	352753 9780
28	362469	15.2	1	351024 11445
29	334099	15.2	1	323263 10836
30	311294	15.2	1	303147 8147
31	319680	15.2	1	311020 8660
32	296068	15.2	1	288623 7445
33	273450	15.2	1	266945 6505
34	272869	15.2	1	262705 10164
35	261712	15.2	1	254840 6872
36	218235	15.2	1	212770 5465
37	217010	15.2	1	209992 7018
38	207210	15.2	1	199541 7669
39	200331	15.2	1	190836 9495
40	183928	15.2	1	174348 9580
41	186327	15.2	1	176019 10308
42	166493	15.2	1	157657 8836
43	174808	15.2	1	150073 24735
44	146616	15.2	1	139988 6628
45	128324	15.2	1	121364 6960
46	130968	15.2	1	117133 13835
47	109998	15.2	1	104900 5098
48	106597	15.2	1	101084 5513
49	105551	15.2	1	86921 18630
50	92393	15.2	1	84608 7785
51	82946	15.2	1	77769 5177
52	73396	15.2	1	70082 3314
53	69337	15.2	1	63711 5626
54	64156	15.2	1	59505 4651
55	74372	15.2	1	53127 21245
56	59475	15.2	1	50909 8566
57	44668	15.2	1	39590 5078
58	45899	15.2	1	39980 5919
59	46297	15.2	1	41714 4583
60	31435	15.2	1	25650 5785
61	35778	15.2	1	28653 7125
62	38787	15.2	1	26189 12598
63	33900	15.2	1	24877 9023
64	24730	15.2	1	20490 4240
65	28640	15.2	1	25434 3206
66	19838	15.2	1	14878 4960
67	18577	15.2	1	15191 3386
68	12823	15.2	1	10430 2393
69	14554	15.2	1	11883 2671
70	15020	15.2	1	11400 3620
71	11273	15.2	1	9511 1762
72	9978	15.2	1	8438 1540
73	10135	15.2	1	8426 1709
74	10303	15.2	1	7726 2577
75	16926	15.2	1	10525 6401
76	9276	15.2	1	6812 2464
77	11907	15.2	1	4762 7145
78	5339	15.2	1	2768 2571
79	6296	15.2	1	3212 3084
80	13528	15.2	1	3108 10420
81	13966	15.2	1	2731 11235
82	5067	15.2	1	2533 2534
83	4675	15.2	1	2302 2373
84	4307	15.2	1	2107 2200
85	5533	15.2	1	2000 3533
86	5217	15.2	1	1992 3225
87	6574	15.2	1	1725 4849
88	7445	15.2	1	1627 5818
89	4179	15.2	1	1499 2680
90	3576	15.2	1	1352 2224
91	2740	15.2	1	1113 1627
92	3278	15.2	1	911 2367
93	3143	15.2	1	820 2323
94	7410	15.2	1	780 6630
95	2941	15.2	1	722 2219
96	11628	15.2	1	661 10967
97	5097	15.2	1	731 4366
98	8446	15.2	1	645 7801
99	3924	15.2	1	610 3314
100	5354	15.2	1	523 4831
101	2317	15.2	1	478 1839
102	2804	15.2	1	449 2355
103	2770	15.2	1	389 2381
104	7139	15.2	1	337 6802
105	17352	15.2	1	343 17009
106	2088	15.2	1	306 1782
107	4539	15.2	1	302 4237
108	2105	15.2	1	325 1780
109	3385	15.2	1	295 3090
110	4085	15.2	1	291 3794
111	2188	15.2	1	243 1945
112	2102	15.2	1	261 1841
113	2059	15.2	1	200 1859
114	5860	15.2	1	228 5632
115	7918	15.2	1	202 7716
116	2526	15.2	1	240 2286
117	5325	15.2	1	228 5097
118	4047	15.2	1	137 3910
119	3044	15.2	1	156 2888
120	2871	15.2	1	126 2745
121	2178	15.2	1	133 2045
122	2062	15.2	1	125 1937
123	2107	15.2	1	99 2008
124	9830	15.2	1	90 9740
125	5510	15.2	1	69 5441
126	16301	15.2	1	71 16230
127	3985	15.2	1	88 3897
128	7366	15.2	1	68 7298
129	1710	15.2	1	43 1667
130	3957	15.2	1	56 3901
131	4233	15.2	1	47 4186
132	3536	15.2	1	31 3505
133	2282	15.2	1	32 2250
134	2445	15.2	1	21 2424
135	1895	15.2	1	31 1864
136	4332	15.2	1	33 4299
137	3261	15.2	1	15 3246
138	2089	15.2	1	16 2073
139	7515	15.2	1	19 7496
140	2667	15.2	1	20 2647
141	6024	15.2	1	7 6017
142	3548	15.2	1	33 3515
143	5433	15.2	1	31 5402
144	6814	15.2	1	17 6797
145	5719	15.2	1	21 5698
146	5654	15.2	1	17 5637
147	3171	15.2	1	44 3127
148	5889	15.2	1	19 5870
149	7690	15.2	1	60 7630
150	20452	15.2	1	15578 4874
151	447	15.2	1	237 210

RUN STATISTICS FOR INPUT FILE: P7_LIVER_RNA_HET_3_S6_L001_2.fastq.gz
=============================================
254900968 sequences processed in total

Total number of sequences analysed for the sequence pair length validation: 254900968

Number of sequence pairs removed because at least one read was shorter than the length cutoff (20 bp): 174541 (0.07%)
