
SUMMARISING RUN PARAMETERS
==========================
Input filename: P7_LIVER_RNA_HET_3_S6_L001_1.fastq.gz
Trimming mode: paired-end
Trim Galore version: 0.6.7
Cutadapt version: 3.4
Python version: could not detect
Number of cores used for trimming: 8
Quality Phred score cutoff: 20
Quality encoding type selected: ASCII+33
Using Nextera adapter for trimming (count: 49622). Second best hit was smallRNA (count: 2)
Adapter sequence: 'CTGTCTCTTATA' (Nextera Transposase sequence; auto-detected)
Maximum trimming error rate: 0.1 (default)
Minimum required adapter overlap (stringency): 1 bp
Minimum required sequence length for both reads before a sequence pair gets removed: 20 bp
Running FastQC on the data once trimming has completed
Running FastQC with the following extra arguments: -t 12
Output file will be GZIP compressed


This is cutadapt 3.4 with Python 3.9.6
Command line parameters: -j 8 -e 0.1 -q 20 -O 1 -a CTGTCTCTTATA P7_LIVER_RNA_HET_3_S6_L001_1.fastq.gz
Processing reads on 8 cores in single-end mode ...
Finished in 1542.32 s (6 µs/read; 9.92 M reads/minute).

=== Summary ===

Total reads processed:             254,900,968
Reads with adapters:               101,479,424 (39.8%)
Reads written (passing filters):   254,900,968 (100.0%)

Total basepairs processed: 38,490,046,168 bp
Quality-trimmed:              32,278,229 bp (0.1%)
Total written (filtered):  37,914,938,483 bp (98.5%)

=== Adapter 1 ===

Sequence: CTGTCTCTTATA; Type: regular 3'; Length: 12; Trimmed: 101479424 times

No. of allowed errors:
1-9 bp: 0; 10-12 bp: 1

Bases preceding removed adapters:
  A: 37.7%
  C: 20.6%
  G: 20.1%
  T: 21.6%
  none/other: 0.0%

Overview of removed sequences
length	count	expect	max.err	error counts
1	57273732	63725242.0	0	57273732
2	17144844	15931310.5	0	17144844
3	6567026	3982827.6	0	6567026
4	2187746	995706.9	0	2187746
5	959871	248926.7	0	959871
6	760423	62231.7	0	760423
7	671440	15557.9	0	671440
8	650539	3889.5	0	650539
9	608402	972.4	0	600992 7410
10	632293	243.1	1	608024 24269
11	597608	60.8	1	581334 16274
12	638473	15.2	1	613224 25249
13	534841	15.2	1	525145 9696
14	575465	15.2	1	555787 19678
15	522631	15.2	1	510263 12368
16	684476	15.2	1	657318 27158
17	415814	15.2	1	406134 9680
18	468443	15.2	1	457668 10775
19	452233	15.2	1	440062 12171
20	476765	15.2	1	466428 10337
21	474387	15.2	1	460301 14086
22	423218	15.2	1	416231 6987
23	442695	15.2	1	430199 12496
24	393120	15.2	1	385198 7922
25	397809	15.2	1	388797 9012
26	376349	15.2	1	367163 9186
27	378984	15.2	1	367788 11196
28	341483	15.2	1	334136 7347
29	359602	15.2	1	348215 11387
30	304971	15.2	1	299778 5193
31	318149	15.2	1	309826 8323
32	295944	15.2	1	290350 5594
33	278926	15.2	1	271822 7104
34	288940	15.2	1	281070 7870
35	229348	15.2	1	224987 4361
36	233812	15.2	1	226526 7286
37	218268	15.2	1	213441 4827
38	211066	15.2	1	204991 6075
39	190488	15.2	1	185847 4641
40	184406	15.2	1	179724 4682
41	181136	15.2	1	175617 5519
42	181631	15.2	1	175777 5854
43	146795	15.2	1	143463 3332
44	151037	15.2	1	147158 3879
45	163452	15.2	1	158490 4962
46	103276	15.2	1	99744 3532
47	195013	15.2	1	191343 3670
48	20807	15.2	1	19192 1615
49	82720	15.2	1	80368 2352
50	105877	15.2	1	102771 3106
51	82038	15.2	1	79724 2314
52	57803	15.2	1	55545 2258
53	74360	15.2	1	71983 2377
54	63988	15.2	1	61456 2532
55	50679	15.2	1	48778 1901
56	52991	15.2	1	50558 2433
57	73305	15.2	1	71065 2240
58	34828	15.2	1	32962 1866
59	44473	15.2	1	42858 1615
60	35605	15.2	1	34024 1581
61	32618	15.2	1	31171 1447
62	15861	15.2	1	14580 1281
63	11460	15.2	1	9890 1570
64	35465	15.2	1	33884 1581
65	20265	15.2	1	18530 1735
66	12022	15.2	1	10464 1558
67	11443	15.2	1	8662 2781
68	26286	15.2	1	24521 1765
69	10553	15.2	1	8124 2429
70	15151	15.2	1	13044 2107
71	8581	15.2	1	5870 2711
72	8140	15.2	1	3283 4857
73	3312	15.2	1	1291 2021
74	5256	15.2	1	3317 1939
75	7294	15.2	1	5294 2000
76	8562	15.2	1	5422 3140
77	6670	15.2	1	5111 1559
78	6509	15.2	1	4785 1724
79	5412	15.2	1	4234 1178
80	4592	15.2	1	3677 915
81	4373	15.2	1	3165 1208
82	3882	15.2	1	2792 1090
83	3807	15.2	1	2546 1261
84	3235	15.2	1	2247 988
85	3101	15.2	1	2103 998
86	3405	15.2	1	2093 1312
87	3372	15.2	1	1828 1544
88	3182	15.2	1	1748 1434
89	2763	15.2	1	1532 1231
90	2630	15.2	1	1398 1232
91	2308	15.2	1	1126 1182
92	2044	15.2	1	874 1170
93	1868	15.2	1	814 1054
94	2078	15.2	1	763 1315
95	1737	15.2	1	654 1083
96	1762	15.2	1	636 1126
97	2001	15.2	1	680 1321
98	1800	15.2	1	605 1195
99	2172	15.2	1	578 1594
100	1619	15.2	1	456 1163
101	1728	15.2	1	410 1318
102	1779	15.2	1	386 1393
103	2369	15.2	1	310 2059
104	1799	15.2	1	287 1512
105	2194	15.2	1	299 1895
106	2420	15.2	1	268 2152
107	2826	15.2	1	238 2588
108	1651	15.2	1	270 1381
109	1360	15.2	1	222 1138
110	1533	15.2	1	239 1294
111	1344	15.2	1	198 1146
112	1275	15.2	1	192 1083
113	1190	15.2	1	157 1033
114	2080	15.2	1	169 1911
115	1677	15.2	1	151 1526
116	1956	15.2	1	187 1769
117	2047	15.2	1	191 1856
118	1392	15.2	1	84 1308
119	1455	15.2	1	115 1340
120	1380	15.2	1	98 1282
121	2169	15.2	1	85 2084
122	2587	15.2	1	78 2509
123	1806	15.2	1	72 1734
124	1792	15.2	1	58 1734
125	1200	15.2	1	57 1143
126	1475	15.2	1	152 1323
127	1379	15.2	1	72 1307
128	1638	15.2	1	94 1544
129	1427	15.2	1	53 1374
130	1424	15.2	1	30 1394
131	1070	15.2	1	38 1032
132	1005	15.2	1	27 978
133	1338	15.2	1	39 1299
134	1503	15.2	1	42 1461
135	1938	15.2	1	22 1916
136	1393	15.2	1	32 1361
137	1788	15.2	1	40 1748
138	1255	15.2	1	40 1215
139	1761	15.2	1	23 1738
140	2208	15.2	1	42 2166
141	978	15.2	1	11 967
142	1281	15.2	1	31 1250
143	1987	15.2	1	46 1941
144	711	15.2	1	19 692
145	1603	15.2	1	19 1584
146	997	15.2	1	17 980
147	3065	15.2	1	64 3001
148	2768	15.2	1	28 2740
149	3336	15.2	1	92 3244
150	18232	15.2	1	15744 2488
151	1420	15.2	1	250 1170

RUN STATISTICS FOR INPUT FILE: P7_LIVER_RNA_HET_3_S6_L001_1.fastq.gz
=============================================
254900968 sequences processed in total

