
SUMMARISING RUN PARAMETERS
==========================
Input filename: P7_LIVER_RNA_SMA_3_S3_L001_1.fastq.gz
Trimming mode: paired-end
Trim Galore version: 0.6.7
Cutadapt version: 3.4
Python version: could not detect
Number of cores used for trimming: 8
Quality Phred score cutoff: 20
Quality encoding type selected: ASCII+33
Using Nextera adapter for trimming (count: 50349). Second best hit was smallRNA (count: 2)
Adapter sequence: 'CTGTCTCTTATA' (Nextera Transposase sequence; auto-detected)
Maximum trimming error rate: 0.1 (default)
Minimum required adapter overlap (stringency): 1 bp
Minimum required sequence length for both reads before a sequence pair gets removed: 20 bp
Running FastQC on the data once trimming has completed
Running FastQC with the following extra arguments: -t 12
Output file will be GZIP compressed


This is cutadapt 3.4 with Python 3.9.6
Command line parameters: -j 8 -e 0.1 -q 20 -O 1 -a CTGTCTCTTATA P7_LIVER_RNA_SMA_3_S3_L001_1.fastq.gz
Processing reads on 8 cores in single-end mode ...
Finished in 1268.82 s (6 µs/read; 9.84 M reads/minute).

=== Summary ===

Total reads processed:             207,984,758
Reads with adapters:                83,230,874 (40.0%)
Reads written (passing filters):   207,984,758 (100.0%)

Total basepairs processed: 31,405,698,458 bp
Quality-trimmed:              29,578,925 bp (0.1%)
Total written (filtered):  30,925,427,752 bp (98.5%)

=== Adapter 1 ===

Sequence: CTGTCTCTTATA; Type: regular 3'; Length: 12; Trimmed: 83230874 times

No. of allowed errors:
1-9 bp: 0; 10-12 bp: 1

Bases preceding removed adapters:
  A: 37.6%
  C: 20.7%
  G: 20.3%
  T: 21.5%
  none/other: 0.0%

Overview of removed sequences
length	count	expect	max.err	error counts
1	47358796	51996189.5	0	47358796
2	13753502	12999047.4	0	13753502
3	5327595	3249761.8	0	5327595
4	1762908	812440.5	0	1762908
5	773855	203110.1	0	773855
6	599445	50777.5	0	599445
7	544698	12694.4	0	544698
8	522789	3173.6	0	522789
9	484582	793.4	0	478673 5909
10	502608	198.3	1	481441 21167
11	477614	49.6	1	462119 15495
12	509771	12.4	1	486965 22806
13	432293	12.4	1	422084 10209
14	459559	12.4	1	441254 18305
15	423902	12.4	1	410664 13238
16	589821	12.4	1	564522 25299
17	292623	12.4	1	283252 9371
18	384986	12.4	1	374409 10577
19	365108	12.4	1	353450 11658
20	386771	12.4	1	376226 10545
21	386315	12.4	1	372654 13661
22	346278	12.4	1	338554 7724
23	359509	12.4	1	347759 11750
24	319993	12.4	1	312536 7457
25	324729	12.4	1	316035 8694
26	308968	12.4	1	300168 8800
27	317510	12.4	1	306336 11174
28	276148	12.4	1	269329 6819
29	295075	12.4	1	284757 10318
30	252409	12.4	1	247245 5164
31	266415	12.4	1	258597 7818
32	239855	12.4	1	234726 5129
33	228992	12.4	1	222905 6087
34	224602	12.4	1	217865 6737
35	209171	12.4	1	202994 6177
36	212992	12.4	1	204434 8558
37	229627	12.4	1	222685 6942
38	127011	12.4	1	123354 3657
39	183528	12.4	1	178016 5512
40	196405	12.4	1	190079 6326
41	120539	12.4	1	116738 3801
42	139357	12.4	1	135440 3917
43	130967	12.4	1	126213 4754
44	120540	12.4	1	117532 3008
45	139333	12.4	1	134576 4757
46	106805	12.4	1	102692 4113
47	165204	12.4	1	161841 3363
48	23081	12.4	1	21609 1472
49	67182	12.4	1	65106 2076
50	95363	12.4	1	92354 3009
51	71141	12.4	1	69044 2097
52	50430	12.4	1	48363 2067
53	65910	12.4	1	63591 2319
54	58568	12.4	1	56193 2375
55	46307	12.4	1	44588 1719
56	46317	12.4	1	44150 2167
57	66216	12.4	1	64071 2145
58	32451	12.4	1	30815 1636
59	40816	12.4	1	39250 1566
60	33274	12.4	1	31925 1349
61	29247	12.4	1	28008 1239
62	14622	12.4	1	13526 1096
63	9614	12.4	1	8357 1257
64	32776	12.4	1	31217 1559
65	18328	12.4	1	16924 1404
66	10795	12.4	1	9483 1312
67	9756	12.4	1	7528 2228
68	24991	12.4	1	23449 1542
69	9945	12.4	1	8056 1889
70	13551	12.4	1	11873 1678
71	6610	12.4	1	4366 2244
72	5961	12.4	1	2113 3848
73	3230	12.4	1	1528 1702
74	5042	12.4	1	3498 1544
75	6465	12.4	1	4825 1640
76	7613	12.4	1	5165 2448
77	6047	12.4	1	4746 1301
78	5884	12.4	1	4442 1442
79	4689	12.4	1	3686 1003
80	4125	12.4	1	3349 776
81	3925	12.4	1	2994 931
82	3440	12.4	1	2607 833
83	3290	12.4	1	2408 882
84	2888	12.4	1	2029 859
85	2825	12.4	1	2031 794
86	2800	12.4	1	1722 1078
87	2887	12.4	1	1639 1248
88	2676	12.4	1	1569 1107
89	2262	12.4	1	1305 957
90	2313	12.4	1	1304 1009
91	1950	12.4	1	931 1019
92	1812	12.4	1	859 953
93	1583	12.4	1	765 818
94	1645	12.4	1	648 997
95	1490	12.4	1	668 822
96	1375	12.4	1	560 815
97	1578	12.4	1	580 998
98	1441	12.4	1	539 902
99	1681	12.4	1	534 1147
100	1510	12.4	1	437 1073
101	1412	12.4	1	347 1065
102	1512	12.4	1	286 1226
103	1918	12.4	1	312 1606
104	1464	12.4	1	235 1229
105	1670	12.4	1	201 1469
106	1949	12.4	1	196 1753
107	2193	12.4	1	203 1990
108	1232	12.4	1	196 1036
109	1162	12.4	1	193 969
110	1195	12.4	1	177 1018
111	968	12.4	1	169 799
112	985	12.4	1	149 836
113	995	12.4	1	119 876
114	1517	12.4	1	139 1378
115	1306	12.4	1	126 1180
116	1491	12.4	1	147 1344
117	1630	12.4	1	124 1506
118	1094	12.4	1	87 1007
119	1071	12.4	1	59 1012
120	1137	12.4	1	74 1063
121	1589	12.4	1	53 1536
122	1944	12.4	1	72 1872
123	1557	12.4	1	49 1508
124	1415	12.4	1	48 1367
125	1081	12.4	1	58 1023
126	1278	12.4	1	110 1168
127	1175	12.4	1	55 1120
128	1277	12.4	1	90 1187
129	1073	12.4	1	58 1015
130	1150	12.4	1	21 1129
131	895	12.4	1	29 866
132	851	12.4	1	28 823
133	1097	12.4	1	35 1062
134	1177	12.4	1	35 1142
135	1611	12.4	1	16 1595
136	1086	12.4	1	22 1064
137	1289	12.4	1	35 1254
138	1004	12.4	1	23 981
139	1254	12.4	1	18 1236
140	1630	12.4	1	37 1593
141	749	12.4	1	7 742
142	960	12.4	1	26 934
143	1649	12.4	1	23 1626
144	643	12.4	1	5 638
145	1210	12.4	1	14 1196
146	811	12.4	1	11 800
147	2494	12.4	1	48 2446
148	2200	12.4	1	29 2171
149	2444	12.4	1	53 2391
150	10286	12.4	1	8437 1849
151	873	12.4	1	165 708

RUN STATISTICS FOR INPUT FILE: P7_LIVER_RNA_SMA_3_S3_L001_1.fastq.gz
=============================================
207984758 sequences processed in total

